0.00193664862466548 0.0553512466414135 -4575.6 58240.652
0.00186553408446968 0.0549661582187143 -4588.6 58373.463
0.00195094666676713 0.0554827165021137 -4571.6 58163.54
0.00195094932042387 0.0554854097140232 -4572.4 58163.543
0.00190553675265681 0.0552920968098011 -4642.5 58370.284
0.00188495365924403 0.0549636713262919 -4696.6 58453.143
0.00186761010639616 0.054814460479605 -4855 58634.71
0.00187773357027791 0.0547568732443583 -4848 58566.412
0.0019103002336987 0.0553369119373194 -4914 58442.121
0.00194558144440147 0.0554672056121799 -4668.8 58280.418
0.00190328614137698 0.0551992210197991 -4619.7 58383.1
0.00188205265046571 0.0549808984042513 -4646.5 58430.906
0.0018771361681065 0.0548849776083859 -4786 58547.001
0.00189071417411128 0.0549502689492106 -4698.4 58455.133
0.00189567550239282 0.0551281418859511 -4610.1 58411.679
0.00186902499263109 0.0548446401566535 -4833 58632.939
0.00188603842569411 0.0549085282918516 -4700.7 58463.337
0.00187940239541986 0.0547719808400247 -4824 58563.163
0.00190044324594727 0.0551670346825775 -4730 58467.124
0.00190196565505171 0.0551642758882898 -4576.8 58367.251
0.00188205265046571 0.0549773432653732 -4692.4 58475.396
0.00194574725262842 0.0554483395786721 -4624 58276.481
0.0019513337590846 0.0551384141415621 -4788 58369.968
0.00194146798060346 0.0553440141145004 -4550.4 58185.879
0.00188129756070974 0.0549133291682809 -4659.8 58456.225
0.00194616261166537 0.0554440352898174 -4552.7 58216.52
0.00194932107015791 0.055431136846101 -4552.7 58199.657
0.00191020943273888 0.0554335644596872 -4641 58280.573
0.00185709503108249 0.0546696785376767 -4711 58595.444
0.00190039035452445 0.055163542184717 -4788 58515.818
0.00190039035452445 0.055162798061765 -4786 58501.867
0.00190057391696229 0.0551685122539236 -4781 58493.041
0.00185619462110669 0.0546936620918001 -4725 58592.773
0.00191974538536861 0.0549687338550572 -4594.2 58289.83
0.0019513337590846 0.0551443995883323 -4579 58227.694
0.00194963334203747 0.055456824717649 -4547.5 58171.375
0.00189463238652666 0.0549750997846348 -4662.7 58430.829
0.00190303118521314 0.0551464275583038 -4790 58490.138
0.00190204589277025 0.0551354695364543 -4714 58415.906
0.0019513337590846 0.0551462064415467 -4576.5 58222.854
0.00194840052014105 0.0554293243174236 -4557.5 58213.282
0.00186517128829736 0.0547725437554088 -4836 58674.078
0.00190303118521314 0.0551437667815324 -4768 58500.226
0.00192480073546676 0.0553308270675874 -4646.5 58316.68
0.00190303118521314 0.0551466227979462 -4791 58502.38
0.00192973313313906 0.0549275554198384 -4696.3 58342.465
0.00195079192003004 0.0554848422929468 -4574.9 58186.489
0.00190910615433148 0.0554438800530781 -4655.8 58318.696
0.00190319509393412 0.055234263762938 -4550.5 58331.213
0.00195036898969411 0.0554735755534102 -4547.5 58168.438
0.00190303118521314 0.0551436900696248 -4777 58505.926
0.00186260358159035 0.0548591446495115 -4783 58646.361
0.00187460180509771 0.0549197694262378 -4782 58617.696
0.00186532149593663 0.0548578544468487 -4907 58647.852
0.00171229123483836 0.0530260895727939 -5028 58963.591
0.0019513337590846 0.0551375446900722 -4839 58389.974
0.00186275604284049 0.0548649343615653 -4590.2 58500.304
0.00188797394801098 0.0550012090807843 -4834 58556.573
0.00195074108441538 0.0551454858562382 -4673.1 58303.458
0.0018216917852564 0.0549247295662885 -4564.9 58550.825
0.0019513337590846 0.0551369820038638 -4831 58383.472
0.00188351248421542 0.0544075183793153 -4973 58616.546
0.00195074108441538 0.0551491255434682 -4642.7 58288.815
0.00195074108441538 0.0551452895811552 -4686.6 58316.438
0.0018216917852564 0.0549220010642643 -4653.1 58629.258
0.00195079505153287 0.0551190069717971 -4828 58384.119
0.00182187498350273 0.0549263481672473 -4662.9 58627.926
0.00182149160165372 0.0549207837484647 -4555.7 58526.577
0.00165802774685072 0.0515740196029431 -5167 59119.428
0.00180074794120864 0.054481076057884 -4694 58684.224
0.0018216917852564 0.054926123900305 -4632.9 58547.078
0.00194422055237047 0.0551015004609072 -4815 58401.458
0.0019342540829738 0.0549673469054121 -4847 58452.114
0.00181861461403205 0.0548811748022984 -4628.1 58620.016
0.0019475232382557 0.0554331956254138 -4549.2 58173.693
0.00195079192003004 0.0554873221217133 -4554.6 58163.543
0.0018211813366157 0.0549167405236728 -4557.8 58527.186
0.00169311302142628 0.0529114270274767 -5077 59001.342
0.00195074108441538 0.0551458732402108 -4646.3 58289.142
0.00195074108441538 0.0551440617634551 -4823 58395.827
0.00191071055778021 0.0554134940999395 -4549.2 58176.361
0.00169311302142628 0.0529113394419673 -5076 59002.127
0.00164672132601955 0.0516427582066293 -5273 59148.797
0.00169217566415585 0.052878915945032 -5132 59002.148
0.00195074108441538 0.0551462149189501 -4694.1 58296.992
0.00194704356533564 0.0551110196072098 -4693.8 58330.016
0.00194744878573342 0.0551500260351072 -4824 58412.224
0.00186846232111234 0.0548099365915081 -4849 58664.171
0.0019486128552236 0.0550615916506391 -4890 58407.391
0.00192796638100208 0.0552745410176952 -4550.7 58230.369
0.00182138099924507 0.054922326634024 -4570.1 58553.23
0.00182302585809773 0.0549165637910425 -4735 58652.839
0.0016936587132087 0.0529305750700499 -5144 59004.656
0.00194810870645746 0.0550826463679451 -4674.3 58306.242
0.00187878033765516 0.0547486535796615 -4831 58669.933
0.00195092377521992 0.0551494440398285 -4725 58325.397
0.00182138099924507 0.0549222380538254 -4573.3 58576.482
0.00191238703575972 0.0545341210592694 -4703 58382.757
0.00182302585809773 0.0549225671826195 -4665.1 58597.123
0.00169383257589024 0.052940960652 -5061 58985.337
0.00182250944944635 0.0549201654019734 -4824 58691.045
0.00194775112853334 0.0554724547540292 -4560.6 58197.667
0.00185539714587987 0.0549226821143558 -4589.9 58573.587
0.00187442048349883 0.0550866251730155 -4818 58614.323
0.00194295211329974 0.0551088319307877 -4897 58434.498
0.001888270863727 0.0546069542123479 -4880 58570.829
0.00195060323841186 0.0554796455105217 -4551.3 58176.885
0.00186463671909115 0.0547335360169893 -4631 58516.902
0.00165236969174969 0.0515988011097336 -4984 59001.905
0.00185309517383889 0.0548269291668064 -4573.7 58589.939
0.00188202261725335 0.0550179038789156 -4605.3 58408.063
0.00187386444141697 0.0550231723964871 -4686.4 58568.348
0.00184948124714697 0.054710694260619 -4693.7 58643.929
0.00194868907801821 0.0554533056143726 -4666.1 58283.387
0.00185327518207779 0.0548274522551677 -4665.1 58637.467
0.0018659453398875 0.0547838539752227 -4870 58669.308
0.00174357689325566 0.0525393009975046 -5046 58998.001
0.0019563640134432 0.0552262121302469 -4737 58288.906
0.00186012546657095 0.0549284145419862 -4876 58696.1
0.00187442048349883 0.055087074010538 -4801 58604.695
0.00185235509304706 0.0548139135262586 -4843 58712.506
0.00183757042386313 0.0550243360310388 -4671.6 58562.945
0.00185539714587987 0.0549227707239763 -4595.6 58549.329
0.0019089354894246 0.05536408163616 -4561.8 58222.364
0.00193816205379854 0.0549893850592936 -4703 58371.244
0.0019563640134432 0.0552260596933682 -4739 58300.638
0.00194154586046203 0.0550966204688668 -4864 58439.123
0.00194601852290995 0.0553888815977056 -4551.3 58183.289
0.00183662280483632 0.0546347276115446 -4584.4 58612.72
0.00185775263502171 0.054742380660947 -4760 58619.129
0.00183181035893084 0.0545275570547598 -4642.8 58624.008
0.00187243897194735 0.0549594456989974 -4694 58576.682
0.00192280935927031 0.0547746888933585 -4820 58471.212
0.00195078953978184 0.055475842846402 -4673.1 58280.543
0.00194166138596733 0.055098472735319 -4818 58421.335
0.00184195039027091 0.0541864409071195 -4628.8 58652.216
0.00186025043481199 0.0549300335824714 -4800 58686.513
0.00193771856848481 0.0550259871443551 -4850 58439.913
0.00189074342827578 0.0548986878844614 -4577.5 58434.043
0.00185235509304706 0.054813977140993 -4867 58721.332
0.00183466687138531 0.0544362051353201 -4611.5 58630.069
0.00186243824208219 0.0550172060488415 -4833 58677.559
0.0018424056234534 0.0543842235212126 -4603 58636.75
0.00193361819190203 0.055015547899872 -4849 58455.967
0.00179157711707452 0.0532852669723696 -4868 58887.776
0.00187855191791102 0.0551122128801217 -4658.3 58529.21
0.00195692163949674 0.0552461698433725 -4763 58320.903
0.00179157711707452 0.0532859760881203 -4885 58881.604
0.00179157711707452 0.0532855719060615 -4947 58909.673
0.00192958289549559 0.0551439069112859 -4807 58421.744
0.00185233767500517 0.0549000274958157 -4871 58700.186
0.00188913959778374 0.0548492620121229 -4625.7 58457.251
0.00193515694799789 0.0549594069070628 -4848 58451.712
0.00194428132013084 0.0553702234929631 -4789 58384.007
0.00195242199949561 0.0552349138035872 -4762 58328.693
0.00187267722720987 0.0546002179140009 -4615.5 58555.256
0.00187254407485558 0.0549731053421741 -4608.7 58498.373
0.00183974865110375 0.0541382803262947 -4687.8 58673.546
0.00188892086800724 0.054852690193113 -4633.9 58457.697
0.00185380048806265 0.0548835973902399 -4785 58690.467
0.0018917000462367 0.0545665941403508 -4707 58470.921
0.00187278569512573 0.0549789718088183 -4665.2 58536.797
0.00183987598012132 0.054280891196525 -4633.1 58642.273
0.00183751880097877 0.0540619995179266 -4931 58792.092
0.0018493271112771 0.0547088163408554 -4802 58714.467
0.00182174372211484 0.0543891405412546 -4760 58736.23
0.00182974891325385 0.0544869892285202 -4701 58687.347
0.00178698160187205 0.0545143683908929 -4644 58647.522
0.00183984357121824 0.0542276443485185 -4734 58708.505
0.00178957614428034 0.0532097127960341 -4876 58888.32
0.00195746761350842 0.055256291221163 -4763 58318.514
0.00188696066440416 0.0549236380853548 -4886 58572.829
0.0018295479663527 0.0544852085918023 -4584.5 58636.297
0.0018864357446008 0.0551542004267359 -4871 58592.809
0.0017915192151183 0.0532642092741851 -4906 58898.375
0.00194166138596733 0.055098472735319 -4817 58421.19
0.00177269856881637 0.0527977418591019 -5121 58966.371
0.00193488862619552 0.0551553943523952 -4709.1 58369.3
0.00183527998956522 0.0542339449350604 -4689.5 58685.478
0.00193693498077828 0.0549682709101427 -4845 58435.761
0.00188696066440416 0.054924830170356 -4892 58571.554
0.00190480188025291 0.054436048406859 -4650.7 58411.057
0.00190401530927508 0.0544190462364584 -4898 58553.537
0.00195260473893742 0.0552392855470573 -4784 58340.642
0.00188656778220845 0.054153641429954 -4934 58600.239
0.00188695839054867 0.0549235874456952 -4885 58575.239
0.00179556160154487 0.0533186953504544 -4924 58889.682
0.00190847755628253 0.0553449300139457 -4758 58391.383
0.0018268854813122 0.054415422170107 -4595.5 58649.996
0.001818422660733 0.054311132331244 -4699 58718.268
0.00182974891325385 0.0544873264233227 -4742 58709.613
0.00174714780794352 0.0526112045700143 -4798 58825.703
0.00191798014625892 0.0547685264626706 -4842 58509.375
0.00183639294453771 0.0542592726630615 -4691.7 58683.182
0.00185309517383889 0.0548269291668064 -4572.9 58589.911
0.00189242803029102 0.0552609056444284 -4599.5 58316.598
0.00190373744487233 0.0544169284060224 -4901 58554.651
0.00180687390183201 0.0534336497463704 -4842 58851.106
0.00189149002579878 0.0542118103560573 -4696 58463.881
0.00183962432373404 0.054272251540693 -4679.3 58674.264
0.00190338428213331 0.0544154721720492 -4604.7 58391.136
0.00180738215811545 0.0546715743115008 -4639.9 58637.139
0.00191293045062733 0.0548349302863663 -4800 58475.43
0.00188656778220845 0.0541544134037624 -4946 58600.084
0.00188872798697079 0.0541752061833857 -4732 58504.793
0.00194822138018721 0.055408041921629 -4551.4 58183.932
0.00188572164001438 0.054901320561863 -4852 58579.166
0.00182255231892677 0.0543777085395973 -4704.1 58705.33
0.00190195298072396 0.0544019994222119 -4694.5 58455.627
0.00183830776489444 0.0542529737680983 -4638.4 58660.315
0.0018469304595527 0.0546454753864523 -4660.8 58636.524
0.00195254882060064 0.055256291221163 -4763 58335.322
0.00195153144539027 0.0552289414921072 -4807 58365.589
0.00195060323841186 0.0554798022753397 -4548.4 58150.401
0.00188656778220845 0.0541520264344765 -4849 58575.615
0.00181913192325692 0.0542489219724056 -5040 58825.957
0.00184194795123826 0.0542740635946194 -4720 58706.804
0.001739942991648 0.053028640619711 -4750 58833.192
0.00188656778220845 0.0541545002829212 -4943 58599.965
0.00194148546588783 0.0549997105805525 -4611.5 58281.198
0.00194775112853334 0.0554754103484252 -4551.4 58193.992
0.00195242199949561 0.055235791899621 -4726 58286.338
0.00193693498077828 0.0549678583312472 -4896 58462.004
0.00189093468177158 0.0541635648934509 -5014 58589.803
0.00174915599856637 0.0535564340853287 -4917 58895.762
0.00181913192325692 0.0542485349385203 -5016 58811.793
0.00172191807666943 0.0521904887271753 -5413 59093.644
0.00184061247292488 0.0543014238563351 -4717 58697.813
0.00183579855560639 0.0541989848330193 -4720 58724.229
0.00192822053257876 0.0551474314820143 -4884 58446.845
0.00193529067371743 0.0549893804539738 -4786 58418.39
0.00183829753842487 0.0542708914178272 -4668.4 58674.426
0.00173789536370344 0.0529394761068064 -4750 58836.123
0.00194672992777036 0.0554785816570678 -4552.2 58184.529
0.00183619946452133 0.0542326230548483 -4852 58793.753
0.00188927496100672 0.0541395520203466 -4974 58592.906
0.0019174762340682 0.0547343948890108 -4893 58523.559
0.00195746761350842 0.0552562880180003 -4786 58333.243
0.00183024257614047 0.054143707559321 -4853 58802.181
0.00183805766469201 0.0542580193806324 -4713 58684.894
0.00192893904209789 0.0549789038300925 -4579.2 58269.798
0.00195036329483643 0.0554672704346513 -4670.8 58281.954
0.00184387994725767 0.0547199183182852 -4770 58718.492
0.00191293045062733 0.0548368460364751 -4703.2 58415.883
0.00194832456783889 0.0554140868047041 -4667.8 58292.792
0.00195078953978184 0.0554813773308982 -4609.1 58248.951
0.00183048105405008 0.0541483979519367 -4915 58811.828
0.00195726767107954 0.055249146478168 -4843 58353.65
0.0018928350793872 0.0542138555145719 -4700.1 58479.832
0.00173364407648101 0.0525810256497571 -4991 58996.557
0.00186398678716732 0.0545804033894563 -4664.7 58596.989
0.00172191807666943 0.0521906342578324 -5415 59093.434
0.00195078953978184 0.055482020966246 -4662 58241.906
0.00195001880067588 0.055486117216041 -4552.8 58187.067
0.00195726767107954 0.0552498450664124 -4737 58281.561
0.00191310737164992 0.0548405994280201 -4703.6 58414.662
0.00167423605923059 0.0521278294592339 -5439 59111.29
0.00186338895501064 0.0546161989466066 -4782 58646.712
0.00195726767107954 0.0552472963151119 -4838 58384.341
0.00183108940026545 0.0541517775812122 -4773 58744.959
0.0016304862550855 0.0513529336814321 -5385 59192.348
0.00186380490841672 0.0545758922032466 -4705.4 58622.744
0.00190999560013535 0.0545415498953349 -4639.1 58405.848
0.00174359223324915 0.0527584716945025 -5203 59029.047
0.001850626643563 0.0545148759040581 -4645.2 58612.876
0.00195070230873088 0.05547771561147 -4545.8 58154.47
0.00195746761350842 0.055256261041264 -4697 58258.778
0.00173453116921531 0.0525789073063993 -5225 59049.043
0.00173324443732061 0.052432837809169 -5283 59058.185
0.00172565885840702 0.0523096880044962 -5325 59077.991
0.00186937105631399 0.0547572220695151 -4863 58661.318
0.00186583706771479 0.0546142511807607 -4785 58646.576
0.00195726767107954 0.0552472963151119 -4813 58381.599
0.0018164753426312 0.0538451476334045 -4668.4 58709.979
0.00189155388003197 0.0541797989521202 -4874 58570.075
0.00191981094647729 0.0550046866119001 -4800 58448.555
0.00186398678716732 0.0545804333786339 -4779 58651.703
0.0018015175311541 0.0540029850646275 -5007 58860.564
0.00172815693212098 0.0523469286791336 -5243 59069.845
0.00194113967227187 0.0549719992570614 -4946 58440.066
0.00174763056985462 0.0528295633511286 -5193 59020.481
0.00182773648898906 0.0540011543422099 -4944 58835.556
0.00183084089944485 0.0541494814498242 -4915 58810.059
0.0017436163119293 0.0526072292710289 -5231 59040.851
0.00190126529755684 0.055156389840272 -4564.8 58335.965
0.001850626643563 0.0545099586145687 -4906 58769.523
0.00191962688607631 0.0550003183914394 -4800 58451.781
0.00181991741859394 0.0539671053955619 -4638 58692.281
0.0018164753426312 0.0538420070487732 -4684.5 58761.607
0.0019552278534731 0.0552439923518289 -4736 58309.553
0.00183084089944485 0.0541522611759987 -4823 58779.57
0.00191981094647729 0.0550060889223596 -4842 58473.668
0.00186380490841672 0.0545753577712362 -4644.2 58578.757
0.00195726767107954 0.0552523295222845 -4742 58304.339
0.00186398678716732 0.0545808555980116 -4649.3 58595.777
0.00183084089944485 0.0541559931243284 -4627.3 58663.309
0.00191677411088055 0.0552691842664272 -4553.7 58269.905
0.00162372776083539 0.0511064807820378 -5379 59214.089
0.00172791981371561 0.052411831952101 -5316 59072.64
0.00194684108497823 0.055477762052867 -4558 58198.272
0.00186169192664674 0.0545833292422349 -4849 58683.726
0.00183154734477073 0.0541556718227339 -4926 58813.109
0.00182899722754409 0.0541666158252935 -4747 58731.713
0.00184952924547895 0.0543917708199554 -4800 58717.232
0.00173364407648101 0.0525782223756469 -5028 59000.826
0.00173048466408234 0.0525797169854891 -5021 59020.944
0.0018624016375114 0.0545622023222327 -4670.5 58599.459
0.00185952067761756 0.0545336023884552 -4608.8 58576.468
0.00182899722754409 0.0541658787881186 -4855 58800.663
0.00190108148060542 0.0551506770792234 -4592.9 58395.477
0.00171042686666791 0.0527161873303435 -5201 59033.571
0.00186122208327385 0.0545754418823363 -4600.5 58543.804
0.00174655539657063 0.0526700869149838 -5103 59031.196
0.00185811110316193 0.05451379986019 -4735 58657.847
0.00192916672834195 0.055085104701594 -4827 58447.154
0.00181688304786712 0.0538562747227709 -4704.6 58750.847
0.0017125754359847 0.0527639705224772 -5201 59028.946
0.00173178173129667 0.0524413837437311 -5302 59055.655
0.00173385981782383 0.0524924979415075 -5159 59047.608
0.00182946078794084 0.0541786209992927 -4906 58816.906
0.00180858530206063 0.0536361793422479 -5220 58901.646
0.00164888809740795 0.0515143677031859 -5543 59166.274
0.00170699074404777 0.0519936368668998 -5327 59119.358
0.00183009434621946 0.0541317244622169 -4982 58819.651
0.00191333280577502 0.0548463627246163 -4898 58525.768
0.00166623315832033 0.0518888855674467 -5457 59136.638
0.00183906322021316 0.0542905074371848 -4714.4 58718.662
0.00195064493813265 0.0554794544073526 -4561.4 58190.198
0.00194949986612242 0.0550835422150921 -5037 58420.846
0.00194684108497823 0.0554684335552844 -4825 58379.364
0.00194833126335663 0.0551615436764044 -5003 58408.534
0.00186108230027694 0.0544899139486872 -4624.3 58580.761
0.00180892251162928 0.0537645410095386 -4908 58865.88
0.00170698850173489 0.0519938477255782 -5131 59112.676
0.00174655802694744 0.0526707528626701 -5225 59036.801
0.00172843362155001 0.0523651070464892 -5278 59074.872
0.00194861334358527 0.0551626766950139 -5002 58407.507
0.00176104143764156 0.0532983323558252 -5077 58969.264
0.00177782260414586 0.0533995354614867 -5164 58950.678
0.00186398789104665 0.0546014055202884 -4658.2 58586.127
0.00181262161959035 0.0538348998380344 -4996 58857.491
0.0018497105582218 0.0543950379109466 -4833 58703.509
0.00163690130774154 0.0512288334941292 -5307 59183.909
0.00173192363093052 0.0524363400530384 -5267 59064.245
0.00175334754151798 0.0530513679559914 -5203 58993.777
0.00162372776083539 0.0511066525382596 -5301 59200.22
0.00164456603102031 0.0514494972222632 -5256 59167.317
0.00195078953978184 0.055479160439967 -4685 58278.94
0.00163060496869382 0.0511079657628715 -5599 59216.777
0.00188057989956731 0.0551983920872188 -4641.8 58485.753
0.00173147805596382 0.0524093876415522 -5145 59066.201
0.00170699074404777 0.0519934921400674 -5324 59119.583
0.00174655802694744 0.0526707528626701 -5221 59030.306
0.00179941878978427 0.0538043374506674 -5051 58878.262
0.0018537183383447 0.0544644510479391 -4727 58669.137
0.00192730239729971 0.0550639125832854 -4783 58436.542
0.00178034503247673 0.0531437023034057 -5202 58966.869
0.00174494081315296 0.0526317687223445 -5232 59037.69
0.0019009770796609 0.0551465418780593 -4715.5 58458.529
0.0019507603648567 0.0554707064062129 -4705.8 58281.615
0.00184889042262897 0.0548711613645653 -4649.9 58588.874
0.0016981787831911 0.0517895338376215 -5427 59140.668
0.00185348873222872 0.0544425210662773 -4647.2 58602.236
0.00195064493813265 0.0554678814859623 -4877 58393.313
0.00172674136101092 0.0523508098555986 -5342 59082.027
0.00178121534211692 0.0535710267612824 -5034 58943.091
0.00170872756051895 0.052015159285599 -5159 59112.053
0.00185696954907101 0.0544983247230612 -4650.3 58604.963
0.00178331279536174 0.0531790410541769 -5201 58960.087
0.00164664094407539 0.0515019315482206 -5453 59175.903
0.00172674136101092 0.0523514210595007 -5340 59079.817
0.00164527074712424 0.0516019454401003 -5328 59160.085
0.00174796808687932 0.052967108135276 -5210 59008.459
0.00170003085489792 0.0518136348509342 -5427 59138.218
0.00192395374668938 0.0549901518155855 -4814 58448.38
0.00178410340610765 0.0534177162686143 -5079 58938.219
0.00172674136101092 0.0523512376543503 -5341 59081.85
0.00177039684348768 0.0532608350974689 -5172 58975.454
0.00179539307325014 0.0538339694230137 -4992 58901.173
0.00187916934716189 0.0551407057562261 -4692.4 58515.502
0.00192424120070714 0.05469478516917 -4713.6 58390.323
0.00173838258655106 0.0524406659656563 -5296 59051.748
0.00182881693964806 0.0541632028046573 -4656.6 58673.137
0.00195019737202755 0.0554885906675437 -4632.2 58241.812
0.00163617529198333 0.0512279576910538 -5589 59207.872
0.00163358763419638 0.0512377501447814 -5368 59197.519
0.00174634712751363 0.0526557124004238 -5058 59009.347
0.00166925430916955 0.0521391468538546 -5380 59091.976
0.00177282463551999 0.0532662916943698 -5182 58970.777
0.00177026052399329 0.0532548398515845 -5195 58985.442
0.00190909943667527 0.0547815155074224 -4833 58523.007
0.00182861026664442 0.0539987935757598 -4950 58819
0.00189995983080404 0.0549911786379696 -4699.8 58457.447
0.00164525316295873 0.051602663700799 -5457 59159.504
0.00164444616293316 0.0513368045586514 -5318 59180.369
0.00185052684153975 0.054412875405691 -4721 58666.393
0.00178331022149101 0.0531789825650589 -5143 58953.026
0.00191026525118725 0.0547904340574819 -4731 58464.677
0.00172546517106351 0.0522565111161098 -5249 59086.304
0.0019008069573632 0.0551561180271564 -4595.4 58399.567
0.00179521811216837 0.0538294412556413 -5084 58909.48
0.00164525316295873 0.0516055657090433 -5348 59155.202
0.00191532812785133 0.0552537721938176 -4668.4 58353.001
0.00174655539657063 0.0526730355492881 -5052 59003.117
0.00178345244123408 0.0533274132661032 -5105 58939.085
0.00183025371699366 0.0546187755819496 -4658.4 58622.899
0.00172285823609911 0.0522644364302441 -5412 59083.289
0.00173951246643503 0.0524642451559804 -5294 59046.65
0.00162655019816673 0.051209197894057 -5559 59210.06
0.00163589448031319 0.051200866544991 -5598 59208.907
0.00188036597256492 0.0551919045049815 -4702.4 58509.177
0.00171108012169183 0.0520526598432688 -5134 59106.36
0.00185140844872004 0.0543784899478474 -4984 58756.397
0.00174655539657063 0.0526700869149838 -5102 59030.303
0.00190607539839852 0.0548050497936617 -4864 58525.557
0.00186380490841672 0.0545760926085718 -4607.8 58553.216
0.00168140467664503 0.0521782539947734 -5238 59088.455
0.00177770300870871 0.053240224659431 -5114 58951.927
0.0018497105582218 0.0543950379109466 -4837 58720.814
0.00164612327742929 0.0514351830472103 -5362 59162.716
0.00191044479491782 0.054798716838749 -4725 58431.943
0.00177026052399329 0.0532549155264133 -5184 58980.873
0.0017134735185877 0.0520862816610024 -5265 59117.891
0.00165260974241933 0.0515970372016899 -5229 59137.826
0.00173761627633171 0.0524725409311902 -5196 59054.502
0.00178613452464082 0.0534756481857315 -4930 58898.67
0.00181818241870127 0.0538793728035613 -4886 58819.953
0.00195726767107954 0.055249146478168 -4844 58358.977
0.00190836675963765 0.0547442158254832 -4736 58470.826
0.00177936963743584 0.0534876784938931 -5128 58948.777
0.00172685041229716 0.0523181029637596 -5410 59076.12
0.00193982215805206 0.0549776926074744 -4696.9 58376.154
0.00195726767107954 0.0552523921588882 -4651.8 58231.405
0.00176650532230204 0.0530870796520343 -5101 58985.027
0.00195746761350842 0.0552536859190983 -4741 58277.989
0.00180069389997598 0.0535302187973443 -5002 58912.222
0.00171350938284245 0.0521192360818419 -5065 59070.655
0.00181126200523798 0.0536305830630675 -4997 58884.338
0.00163170755995367 0.0513511514489366 -5302 59182.958
0.0017134735185877 0.0520862816610024 -5264 59117.342
0.00177604136199745 0.0532220708159276 -5156 58956.719
0.00171225243180472 0.0520828653516104 -5042 59036.138
0.00165056926722673 0.0515305659306349 -5470 59163.667
0.00171182896770801 0.0520534522101309 -5139 59110.643
0.00187264614890275 0.0548203895982481 -4975 58696.564
0.00185031639824036 0.0544065295147185 -4656.1 58625.742
0.00177937209590517 0.0534878835455291 -5053 58945.916
0.00163910354100721 0.0512763480006829 -5589 59200.913
0.00179736900588669 0.0538184031060037 -5002 58906.413
0.00190556155274212 0.055070087574572 -4889 58529.611
0.0018346297318059 0.054510847702653 -4801 58775.799
0.00177430347761613 0.0533363758262295 -5164 58969.342
0.00186122208327385 0.054575767393421 -4602.7 58526.551
0.00179457770459367 0.0536533665967012 -4987 58894.683
0.00163049866383406 0.0513363316429089 -5517 59198.367
0.00169098507311348 0.052494294293157 -5017 59020.3
0.00171196566723894 0.0520762922153885 -5134 59102.82
0.00195746761350842 0.055257455694877 -4690 58224.88
0.00184630502562976 0.0546981640288006 -4781 58751.556
0.00180429187025561 0.0540327780575841 -5011 58851.939
0.00195626871320993 0.0552068277389002 -4939 58402.054
0.00192937227368019 0.0551385459661516 -4752 58375.044
0.00166839503943765 0.0520601980337871 -5192 59118.102
0.00177940542681006 0.0534838347060384 -5001 58943.676
0.00187470802815875 0.0548740373128433 -4585.9 58460.909
0.00170041035509453 0.0525132916241942 -5063 59039.454
0.00194698696099142 0.0552920739423876 -4693.5 58302.131
0.00163170755995367 0.0513479013390703 -5354 59194.505
0.00183555869636597 0.0545509683458692 -4877 58786.671
0.00169117540739632 0.0524978238002134 -5227 59065.279
0.00171176754791356 0.0520625276327125 -5068 59074.487
0.00179207859274184 0.0537500409729552 -5088 58920.308
0.00185143546305345 0.0547491876093702 -4740 58672.539
0.00181115211874359 0.0536301731257527 -5041 58884.37
0.00184630502562976 0.0546984594103481 -4772 58739.579
0.00177986727084762 0.0535144836943008 -5005 58941.543
0.00186432552374673 0.0545734676035503 -4839 58693.69
0.00192343858923849 0.0549947799482078 -4778 58428.62
0.00163172447449592 0.0513501250675032 -5226 59192.949
0.00192923715827758 0.0551281156350443 -4876 58437.715
0.00194586582407454 0.055161771294883 -5002 58412.756
0.00166952636471197 0.0521270572508727 -5198 59110.061
0.00167638002999669 0.0522536360298948 -5173 59083.686
0.00188655972401027 0.0541421834345085 -4908 58597.826
0.00195078953978184 0.0554826970537338 -4714 58284.688
0.00164612157441956 0.0514345626666275 -5261 59170.458
0.00193545983156684 0.055253686050139 -4646.7 58338.218
0.00178741470672497 0.0536426356532797 -5148 58931.575
0.00191029018229107 0.0548504569136024 -4806 58498.804
0.00184543532345187 0.0544081092752472 -4925 58769.72
0.00170015932038708 0.0519929388710453 -5188 59125.634
0.00177739488903033 0.0539390182627658 -4866 58860.184
0.00166316501762309 0.0519131334238631 -5136 59118.373
0.00186598109622833 0.0545883189413744 -4852 58691.621
0.00164173966913291 0.0513620563715548 -5501 59189.108
0.00168140467664503 0.0521783985454002 -5239 59088.175
0.00164265242954696 0.0514101849120236 -5175 59173.29
0.00170228447076435 0.0525678604136503 -5199 59036.247
0.00185152322651906 0.054757642585952 -4551.6 58525.178
0.00178727852897323 0.0536369995780472 -5070 58930.496
0.00184424327351463 0.0543848390696924 -4957 58781.275
0.00191782203071875 0.0549437390596744 -4670.5 58341.924
0.00173491708866524 0.0525260078938827 -5109 59040.804
0.00164060681649015 0.0515264820515635 -5444 59166.727
0.00180609775671687 0.0535228596235264 -5100 58889.06
0.0019043740940445 0.0547491225418878 -4814 58519.497
0.00165991867244296 0.0518824509018277 -5062 59092.178
0.00181358690745181 0.0541011985228487 -4827 58837.234
0.00170018824828758 0.0519939393391509 -5246 59119.985
0.00163172447449592 0.0513513237497515 -5170 59168.455
0.00181672182178817 0.0542555093020058 -4786 58786.462
0.00194322357811381 0.0554252255750373 -4674 58285.926
0.00165035353730373 0.0515273105296549 -5262 59162.131
0.00169369161246137 0.0525237168362349 -5227 59055.333
0.00163506478301924 0.0513641445665914 -5365 59183.693
0.00171623269946807 0.0528030073243495 -5083 59006.967
0.00187329018234477 0.0548221657134991 -4911 58656.306
0.00183950254287611 0.0547169736269947 -4562.3 58545.523
0.00178766672785133 0.0536510886698333 -5069 58929.406
0.00186046089433228 0.054891673935202 -4613.6 58504.285
0.00192706960775162 0.0550576339099789 -4757 58381.693
0.00191911371105154 0.0553795651744139 -4610.4 58325.122
0.00195019497777322 0.0554852210992537 -4656.9 58278.151
0.00171373248899791 0.0521266345386126 -5160 59098.358
0.00171471005401936 0.0519728835765022 -5092 59073.436
0.00168262268395046 0.0522698350059804 -5016 59025.649
0.00184897180328538 0.0547085357432737 -4845 58745.542
0.00184630502562976 0.0546977515834199 -4828 58768.27
0.0017175310025468 0.0521512214518838 -4866 58941.7
0.00170015932038708 0.0519931383247855 -5110 59083.378
0.00169153708266087 0.0524975196546278 -5056 59032.106
0.00178828038783512 0.0536539746259593 -5074 58926.098
0.00164525316295873 0.0516027228329874 -5452 59159.39
0.00181739678528412 0.0539393531138099 -4730 58734.508
0.00183853877102208 0.0549393796837724 -4606.4 58484.829
0.00191042279887108 0.0553638272789396 -4789 58388.489
0.00172101805203517 0.0520609134822535 -5061 59059.628
0.00191139055032223 0.0550480077937506 -4849 58511.188
0.0017526543312296 0.0529361483695101 -5195 59015.673
0.00190602231095262 0.05474903181665 -4950 58529.008
0.0019292161497116 0.0551758391880939 -4791 58405.697
0.00185215542669891 0.0547321577207506 -4755 58647.312
0.00164781670122031 0.0517079596863082 -5361 59154.44
0.00195076268018438 0.0554720186584591 -4706.2 58286.422
0.00172175001005167 0.0528904541974564 -5045 58990.047
0.00193198774600237 0.0548531297316329 -4806 58436.577
0.0018470587871391 0.0547323377480944 -4865 58750.872
0.00164060874584465 0.0515301366896918 -5446 59166.688
0.00172567538246857 0.0521489886554399 -5290 59088.385
0.00166433698773824 0.0520126797328331 -5041 59071.89
0.0017175310025468 0.0521512350795724 -4869 58941.476
0.00186623745625467 0.054598984386285 -4734 58614.622
0.00169101054316914 0.0524672097570827 -5143 59056.833
0.00164145561903591 0.0515195243129076 -5515 59167.474
0.00171731552754915 0.0521363082549968 -4915 58963.936
0.00165034043743093 0.0517937494718558 -5353 59145.839
0.00183950254287611 0.0547167558975606 -4560.6 58552.028
0.00168338242893315 0.052377237481889 -5256 59078.187
0.00180523448619208 0.054041891317557 -4991 58850.399
0.00173073706154754 0.0523973534221967 -5069 59040.675
0.00166274138633971 0.0519923967209227 -5271 59136.966
0.00171990274317355 0.0523095619643527 -5134 59073.011
0.00164282132851132 0.0515595035844259 -5515 59165.628
0.00169101054316914 0.0524676461884882 -5178 59058.57
0.00163049638492612 0.0513358892960309 -5383 59197.834
0.00168140201500895 0.0521773979746465 -5163 59087.397
0.00163075606606807 0.0513703991648462 -5588 59199.369
0.00194702715745556 0.0554443937894665 -4584.1 58260.021
0.00169768842280455 0.0526194958114495 -5221 59040.689
0.0018379810728542 0.0546900755303179 -4691.2 58638.699
0.00162780058862738 0.0512168328929766 -5531 59208.342
0.00191124740865585 0.0550426672590857 -4953 58545.828
0.00195664401853858 0.0552507496696898 -4632.5 58203.949
0.00163485893516901 0.0512372625791819 -5296 59190.463
0.00195607743267584 0.0552378890663409 -4741 58282.906
0.00194313404666664 0.0551517511338274 -4935 58416.663
0.00185146017327908 0.0547592051519086 -4569.1 58560.37
0.00163210303245802 0.051336067392572 -5375 59195.222
0.00171990274317355 0.0523097065420825 -5137 59072.785
0.00163060496869382 0.0511081580045601 -5627 59217.203
0.00163036776952109 0.0513501345570155 -5504 59202.21
0.0018193975612814 0.0541888215740262 -4897 58815.382
0.00175710316038629 0.0528794368581629 -5221 59000.433
0.00179086997214669 0.05362530661577 -5162 58927.537
0.0016448408994299 0.0514852503942546 -5166 59159.365
0.00195645566213988 0.0552467685889636 -4595.8 58206.153
0.00169101257119891 0.0524682134668968 -5205 59058.012
0.00172087186570195 0.0523231702545432 -5131 59069.547
0.00181725749944137 0.0539315568652049 -5007 58866.723
0.0019502560302238 0.0554645666847325 -4864 58387.582
0.0019502435163302 0.0554525260982917 -4552.4 58179.486
0.00168900279019578 0.0524111534262721 -5230 59067.396
0.00164444616293316 0.0513368180077549 -5320 59180.145
0.00185152322651906 0.054757642585952 -4552 58528.227
0.00195469546425619 0.0552219903559285 -4868 58400.313
0.00183975879406479 0.0550922356336397 -4624.3 58477.429
0.00168928123359361 0.0524111534262721 -5226 59067.317
0.00194565998634366 0.0554042271464498 -4552.3 58195.382
0.00181709805943573 0.0539323022543097 -5012 58867.983
0.0018513974043076 0.0547607718992554 -4572.7 58533.669
0.00180188196979514 0.0535856999148476 -4879 58879.34
0.00184709627802548 0.0547278849407262 -4894 58761.201
0.00171241815228823 0.0522014498500918 -5170 59081.968
0.00181858014760552 0.0539404966079423 -4650.8 58693.055
0.00163987531697889 0.0513400204201132 -5491 59182.197
0.00182947897476527 0.0544050335958808 -4723 58726.401
0.0016532001791924 0.0517958407357059 -5104 59104.693
0.00170241557536754 0.0520331032566377 -5121 59108.881
0.00171804064598029 0.0522697242513828 -5084 59059.344
0.00175050945977626 0.0538238481839421 -4912 58864.858
0.00170474059847777 0.0520786022879431 -5248 59113.84
0.00180660472244469 0.0540191725664971 -4904 58847.067
0.0018039394366616 0.0535891074408425 -4986 58871.839
0.00165349924677923 0.0515817906370494 -5235 59148.405
0.00187096430329169 0.0547585655965586 -4913 58658.013
0.00165856724680417 0.0519376131106525 -5074 59087.21
0.00186292375395283 0.0545972454241808 -4732 58586.808
0.00170769181037739 0.0529633279374515 -4958 58968.179
0.0019517928768529 0.0551421108553602 -4647.9 58233.849
0.00192473091876771 0.0550589856449509 -4922 58453.473
0.00163762547616435 0.0513668493394824 -5606 59197.698
0.00181875094732601 0.0539432426711841 -4747 58750.788
0.00172086488480727 0.0523236882064011 -5207 59081.16
0.00171009702067209 0.0530048767690613 -4956 58961.9
0.00181254556852747 0.0538531015736296 -4999 58875.732
0.00165317144714652 0.0518492778855048 -5105 59105.11
0.00181800187747651 0.0539726471736754 -4747 58733.079
0.00173375450516147 0.0524928948939199 -5034 59025.447
0.00182626040371132 0.0544001528699196 -4849 58797.299
0.00163303043137279 0.0511583556737608 -5569 59211.354
0.00191744586705123 0.0549986729604461 -4964 58505.574
0.00181991572089022 0.0539354711121579 -4935 58851.588
0.00165164611634821 0.0515966658466845 -5260 59146.924
0.00195060323841186 0.0554784826556551 -4553 58183.055
0.00187353674566786 0.0547495338525625 -4801 58660.066
0.00177440341852139 0.0530771426246964 -4970 58957.035
0.00186504193450515 0.0547278262674997 -4610.9 58529.864
0.00187138278999707 0.0551030050316842 -4661.5 58538.819
0.00163779182415696 0.0512608086989642 -5550 59199.201
0.00183846947599328 0.0549358572144722 -4679.3 58558.09
0.00182637334575077 0.0544016404879962 -4849 58796.903
0.00194066030824342 0.0554391169424606 -4642.9 58288.012
0.00177672577018544 0.0531341127975575 -4939 58931.785
0.00190754334182979 0.0550854743487866 -4789 58459.545
0.00184954752880441 0.0547148620272098 -4591 58622.525
0.00163363178208507 0.0512089689696116 -5570 59207.484
0.00186706077307661 0.0546603118416272 -4933 58718.944
0.00165317144714652 0.0518454619532273 -5264 59139.964
0.00190222619456137 0.0553480999012389 -4808 58401.646
0.00165069295413307 0.0517042119741907 -5489 59152.806
0.0018193975612814 0.0541888215740262 -4896 58813.431
0.00190678189255239 0.0546903102358807 -4727 58462.37
0.00165608497644172 0.0517392431228299 -5458 59151.141
0.00187706451019603 0.0549334937862921 -4774 58548.475
0.00185892969371749 0.0545881498358341 -4709 58632.42
0.0016529667940845 0.0518357484773915 -5120 59108.478
0.00183829691259801 0.0545799241421353 -4675.8 58660.431
0.00165700830058531 0.0517474372932613 -5260 59145.748
0.00187138278999707 0.0551030050316842 -4663.6 58543.413
0.00195064493813265 0.05546989049236 -4696.6 58295.068
0.00162291394434802 0.0511071494631878 -5369 59225.041
0.00182125010261911 0.054228885912987 -4748 58789.669
0.00186697778572781 0.0546627470659652 -4879 58744.93
0.00185911149383969 0.0545917736904299 -4740 58637.206
0.00163898073401208 0.0514062440278937 -5595 59196.504
0.0018202534385131 0.0539419292520707 -4905 58844.201
0.00175588742841207 0.0527138372734045 -5151 59020.649
0.00195746761350842 0.0552534360468906 -4784 58337.665
0.00182486523087305 0.0543004272898223 -4752 58775.432
0.00182962913217322 0.0544035008267609 -4765 58761.276
0.00184712157594826 0.0547356915214034 -4875 58738.329
0.00164074907921367 0.0514394778703465 -5594 59193.597
0.00175368940902663 0.0526502614588039 -5100 59027.055
0.00194747495062744 0.0554678576208185 -4586.4 58261.645
0.00195060323841186 0.0554793880718491 -4558.4 58196.774
0.00165709577329919 0.051748742832426 -5354 59149.325
0.00164766368595031 0.0516305517663719 -5174 59132.757
0.00189793632695933 0.0545711867276337 -4739 58475.287
0.00162613670379053 0.0511808036312193 -5382 59211.597
0.00191898006022691 0.0550213356659703 -4867 58462.802
0.00190999246191272 0.0554672370212595 -4555.9 58212.942
0.00181850126075792 0.054374897633062 -4851 58817.091
0.00183680826403043 0.0544809085953425 -4816 58765.866
0.00181691747245411 0.053890482632036 -4890 58845.595
0.00163060496869382 0.0511079691082904 -5592 59216.449
0.00171667418920659 0.0526342284647883 -5017 59004.958
0.00192243426216008 0.0550354280224271 -4935 58484.456
0.00195060323841186 0.0554779795800769 -4562.9 58235.679
0.00163779182415696 0.0512596924374983 -5564 59201.736
0.0019222891339105 0.0551963561471846 -4579.9 58260.54
0.00190399622929235 0.0550104368000528 -4609.7 58326.218
0.00163059731978478 0.0511072809758155 -5417 59216.733
0.00177805840827197 0.0530708338307851 -4924 58918.564
0.00188413445899392 0.0543156592349468 -5011 58594.452
0.00182030710544082 0.0539434698146095 -4742 58742.36
0.00191325089047707 0.0549777802087736 -4799 58468.759
0.00181889281225376 0.05424243246441 -4707 58707.861
0.00165853405752697 0.0517772503006814 -5354 59146.727
0.00171804064598029 0.0522711579434415 -5128 59060.48
0.00171865757327963 0.052263053827273 -5199 59081.845
0.00181690964800607 0.0542357488798773 -4655 58691.894
0.00165853646214768 0.0517787749775115 -5444 59142.344
0.00190102020450494 0.0546995408171732 -4851 58557.744
0.00179435900767026 0.0536276743995589 -4991 58895.637
0.00181889275729413 0.054233720143612 -4751 58796.986
0.00164154403540364 0.0513216705974264 -5475 59195.705
0.00178155666420621 0.0531891480832583 -4899 58913.574
0.0019231374630198 0.0550241107199054 -4751 58386.976
0.00163853983451615 0.0512957159831824 -5540 59197.485
0.00170137473124038 0.0527288386326336 -5146 59007.385
0.00164106835879156 0.051319727968889 -5390 59187.755
0.00177623799883748 0.0530671846756521 -4912 58930.382
0.00179680441218666 0.0540678168549547 -4912 58863.542
0.00169939183996136 0.0527047827462986 -5130 59019.911
0.00163970738440334 0.0513606006381353 -5373 59186.388
0.00163060496869382 0.0511079657628715 -5685 59217.401
0.00181861162348956 0.0539402556009352 -4988 58850.743
0.00183588852492148 0.0544775982884925 -4905 58790.296
0.00183050268102247 0.0545140928154514 -4761 58729.095
0.00181792289058699 0.0542769007410841 -4885 58830.478
0.00178395859792719 0.0532471189306971 -4893 58904.795
0.00176478611610001 0.0528926496268841 -4802 58856.096
0.00195048788435694 0.0554683740009863 -4878 58393.428
0.00190487759055997 0.0546975578700736 -4850 58531.156
0.00172373808401361 0.0523417412233654 -5199 59073.716
0.00185787384206087 0.0545680234646713 -4788 58697.563
0.0016247040935071 0.0512879947381973 -5613 59206.205
0.00191834884200312 0.0549827101984018 -4870 58492.902
0.00181690964800607 0.0542357297938319 -4701.8 58748.291
0.00195078953978184 0.0554765513560514 -4769 58376.291
0.00182817957403051 0.0542214265108615 -4835 58806.112
0.00184554497098629 0.0544999674326959 -4845 58768.445
0.00189737252071261 0.0545417149178866 -4951 58583.144
0.00176478611610001 0.0528926496268841 -4805 58862.712
0.00181925960636233 0.053960763799905 -4988 58848.439
0.00164238343545203 0.051333636204644 -5445 59180.569
0.00195019497777322 0.0554904927218705 -4583.4 58180.067
0.00164140672217252 0.0514149471895586 -5247 59172.784
0.00181585051320655 0.0538870041469908 -4856 58843.178
0.00190341014718159 0.0546775623711754 -4815 58521.339
0.00164209952823956 0.0513366606704819 -5539 59189.308
0.00180421171948828 0.0538136431914288 -4756 58818.18
0.00183158208956742 0.0544148609500717 -4752 58730.69
0.00165519307142529 0.0517043164199012 -5187 59137.343
0.00181875094732601 0.0539452644450737 -4698.6 58731.949
0.00171251678612726 0.0520030152503809 -5142 59081.941
0.00194546125586507 0.0554588405639676 -4684.2 58318.155
0.00165507479428201 0.0513971757042534 -5289 59153.536
0.00177623799883748 0.0530671846756521 -4914 58934.034
0.00193264324419267 0.0548622146188837 -4764 58415.719
0.00181885222226469 0.0542327797562971 -4707 58708.37
0.00190650062434696 0.0546771144546859 -4797 58517.371
0.00194631044532413 0.0554707210902269 -4857 58412.044
0.00191819197960207 0.0549909299987918 -4737 58390.136
0.00163797321807229 0.0512638452446068 -5348 59183.362
0.0018143535533792 0.0541877203114094 -4708.7 58751.648
0.00162214825784707 0.0512261266977622 -5336 59213.247
0.00163808137510259 0.0515405362839803 -5614 59174.191
0.0019032410133728 0.0550778752720717 -4606 58318.002
0.00192214218362265 0.0546107852220562 -4840 58489.982
0.00175155186078669 0.0526344163776822 -5049 59026.823
0.00167525139595455 0.05231441013005 -5169 59081.508
0.00191837815403049 0.0549867929798657 -4937 58523.083
0.00177773679217703 0.0531049274134145 -4913 58928.41
0.00180119942519852 0.0539531284264088 -4958 58870.752
0.00165940321644704 0.0517867244842251 -5447 59142.053
0.00168576988421009 0.051380426959939 -5239 59157.746
0.00172472321374465 0.052332734394117 -5061 59052.041
0.00165816235885489 0.0517019322930373 -5425 59147.005
0.00191309118146231 0.0546870810669346 -4777 58469.507
0.00180327305793502 0.0535909609483874 -5014 58902.737
0.00172706862678827 0.0526986398929468 -4843 58909.981
0.00179145397820976 0.0538861736334894 -4822 58846.391
0.00193569267989619 0.0553032693634131 -4610.5 58283.055
0.00175468096916713 0.0526714851896825 -5149 59018.726
0.00164700183970098 0.0516048984232421 -5473 59158.366
0.00180418744431901 0.0538932635833778 -4857 58848.13
0.00163999239198733 0.051565143892932 -5338 59166.804
0.00163381613737946 0.0515056802369745 -5366 59185.171
0.00167697944883134 0.0523604799339662 -5168 59075.95
0.00163645784700984 0.0512958709505754 -5585 59198.047
0.00190792473593891 0.055467026061271 -4635 58317.287
0.00195738320721651 0.0552531478410044 -4571.6 58165.317
0.00195078953978184 0.0554780019124437 -4760 58328.068
0.00165587912854113 0.0517159912187837 -5107 59123.684
0.0019051586436234 0.0554685875099178 -4558.6 58229.751
0.00190547805574987 0.0547520123951305 -4778 58483.052
0.00180440105020611 0.0538171130548116 -4822 58864.98
0.00181733025285777 0.0542390318509385 -5035 58832.355
0.00195746761350842 0.0552552640093706 -4684.8 58274.664
0.00166866167609115 0.0518347558171977 -5500 59134.361
0.00180105894172196 0.0538089199329042 -4844 58869.145
0.00165498190593764 0.0517044075265164 -5362 59151.568
0.00190225238496125 0.0554127150469076 -4872 58440.969
0.00177536891311541 0.0533988621866331 -4869 58919.879
0.00183176626451565 0.0544224351630622 -4919 58806.108
0.00190817716833796 0.0554761626639634 -4717.5 58301.984
0.00181370615679981 0.0541648707075073 -4851 58821.559
0.00163454463371671 0.0515235385423082 -5424 59193.987
0.00166059267003756 0.0517971047569378 -5256 59140.083
0.00167717645432975 0.0523356930187378 -5179 59074.821
0.00164727456279894 0.0516049718130906 -5460 59154.734
0.00190522466793316 0.0554651484666516 -4554.8 58231.266
0.00166137773183138 0.0520851569362194 -5151 59092.949
0.00194384752970111 0.0554786304389189 -4719.4 58301.986
0.00162478345720672 0.0512138831819822 -5402 59214.291
0.00190792865424799 0.0554738282195236 -4669.3 58278.834
0.00178153089104294 0.0534369462390739 -4917 58913.774
0.00163023602750593 0.0510935721923736 -5405 59218.909
0.00165040888621657 0.0516749418301145 -5314 59147.603
0.00189812789233872 0.0545926002359438 -4878 58580.002
0.00166566557943398 0.0518398127874432 -5441 59135.209
0.00179984781653699 0.0537186820391312 -4832 58881.134
0.00191424711240388 0.0549002487507255 -4985 58531.515
0.0016493354304997 0.0514921522870025 -5335 59162.355
0.00162214825784707 0.051226140162274 -5338 59213.022
0.00175315969499076 0.0526753459039813 -5079 59014.143
0.00195007873762505 0.055459339622315 -4818 58389.998
0.00167406500371202 0.052258799808381 -5158 59087.001
0.00190669894447635 0.0546827197376264 -4837 58548.736
0.00181711311919553 0.054242849871441 -4749 58731.252
0.00175823045126078 0.0527923265236405 -5067 59006.433
0.00176657682273495 0.0528938474236013 -4911 58949.935
0.00192021522180125 0.054741793561081 -4814 58480.167
0.00189888585318165 0.0553763681731354 -4559.4 58236.385
0.00190054263471376 0.0545861321556643 -4931 58562.955
0.00180398535474011 0.0539007734652521 -4859 58846.461
0.00175155186078669 0.0526345994453717 -5051 59030.988
0.00180033258124277 0.0537558177871602 -4822 58871.697
0.00164592692942715 0.0513218715342983 -5405 59184.392
0.0017552958476532 0.0527217379453259 -5063 59012.753
0.00175155420044464 0.0526349520626673 -5110 59034.061
0.00176636013383768 0.052877734116984 -5038 58996.48
0.00184640325759408 0.0546614162246689 -4674.6 58658.996
0.00180188972557662 0.0535919686905917 -4938 58908.082
0.00190355007696277 0.0546774170961708 -4970 58564.959
0.0018985681429416 0.0546901992969647 -4672.5 58463.105
0.00195078953978184 0.0554844724722876 -4556.4 58177.853
0.00190206904497544 0.0554103908298036 -4803 58392.522
0.00166641453095745 0.0518740549691803 -5172 59131.066
0.00162214997240561 0.051226473121063 -5519 59216.726
0.00174096456077601 0.052410403343435 -5133 59059.095
0.00181380510821466 0.0541719389375619 -4925 58840.266
0.00181785427526104 0.0542640307640112 -4746 58728.932
0.00163166097203438 0.0511834010711565 -5480 59213.875
0.00177038338613128 0.0528373750052825 -5100 58994.361
0.00178525294736801 0.0534143033093088 -5002 58934.593
0.00181436376163829 0.0542131413407674 -4694.7 58715.615
0.00175468096916713 0.0526713389557121 -5147 59018.939
0.00175168383971742 0.0526272289649309 -5118 59029.236
0.00167359079384271 0.0522630204305626 -5158 59088.385
0.00176105986082416 0.0528216870472643 -5121 59000.114
0.00182295816426655 0.0541707552118533 -5038 58822.199
0.00163166387764716 0.0511863552223412 -5561 59215.731
0.00162853664917828 0.0512926121896986 -5324 59197.968
0.00177711698634587 0.0531204654147518 -5013 58952.628
0.00195434271447478 0.055200970620052 -4784 58347.153
0.00176339640936741 0.0528675328864208 -4873 58928.421
0.00178529630105636 0.0533646274672753 -5020 58933.748
0.00181305192613284 0.0541811066778501 -4687.4 58721.449
0.00181323759581657 0.0541752407086022 -4918 58837.61
0.00179949747067831 0.0537052157777194 -4909 58885.857
0.00178751241615808 0.053420555736058 -5001 58920.912
0.00185200638410825 0.0544894074961857 -4969 58753.265
0.00163595790538353 0.0515556718536342 -5424 59190.381
0.001907726532315 0.0554649252459547 -4568.2 58258.989
0.00163039705919821 0.0510930293257519 -5607 59218.948
0.0019499485142627 0.0554399518153311 -4865 58394.775
0.00177339321087513 0.0530252491148704 -4976 58966.237
0.00184297049572863 0.0546887634323036 -4756 58706.45
0.00195060323841186 0.0554731981112301 -4737 58351.289
0.00163290433431272 0.0512008067435897 -5585 59211.101
0.0019468613678189 0.0550598059063681 -4941 58415.88
0.00182921172532902 0.054421478164598 -4863 58798.169
0.00173946303024176 0.0530153285233079 -5037 58970.722
0.00180125055134246 0.0537959784787466 -4818 58860.246
0.00183708591430074 0.0542277367499565 -4938 58810.678
0.00180340432598076 0.0535982585924258 -4911 58887.546
0.00166641453095745 0.0518745446703735 -5108 59089.033
0.00164955101961417 0.0513435137187438 -5552 59173.943
0.00183930701844365 0.0545625675827355 -4852 58780.522
0.00164471593094126 0.0513203878142479 -5554 59189.596
0.00176339640936741 0.0528679817256626 -4931 58995.433
0.00180339182714757 0.0535958482228284 -5005 58901.03
0.00195019737202755 0.055493964420434 -4575.5 58165.583
0.00190048296769245 0.0546798091457671 -4883 58568.187
0.00195079192003004 0.0554859522894205 -4609.5 58220.004
0.00163808137510259 0.0515431376084489 -5401 59172.363
0.00183930701844365 0.0545599517563903 -4849 58773.327
0.00164915483890323 0.0513989213013466 -5476 59169.021
0.00175316192072824 0.0526740902303864 -5210 59023.881
0.00191923970510449 0.0547405665913697 -4822 58491.522
0.00162304964517822 0.0512545782668075 -5508 59214.66
0.00190802421529998 0.0554715513093903 -4911 58417.107
0.00180125055134246 0.0537959784787466 -4815 58853.629
0.00164913633160217 0.0513984021034841 -5296 59177.187
0.00164663656841213 0.0515470597809828 -5200 59141.921
0.00180393689992131 0.0539569629487 -5029 58872.008
0.00194588171190414 0.0554188183157814 -4671.5 58285.322
0.00194955970435559 0.0554251359550176 -4888 58398.696
0.00194870975504246 0.0554457003019054 -4734 58358.58
0.00192004368307647 0.0553435578178013 -4563.7 58248.839
0.00162304964517822 0.0512571912727044 -5499 59210.849
0.0016304048369107 0.0513789640110543 -5386 59185.919
0.00191668811005486 0.0545555701066776 -4880 58527.738
0.00195019497777322 0.0554865200826809 -4593.1 58254.11
0.00190762753976161 0.0554834347857006 -4728 58303.411
0.00177133781102163 0.0534134006487907 -5241 58956.092
0.00193760151651666 0.0550545262141278 -4950 58474.658
0.00180373019701622 0.0539638722761936 -5033 58871.107
0.00184458415202498 0.0547244369900532 -4752 58687.799
0.00190817716833796 0.0554761626639634 -4717.5 58301.984
0.00192008544517359 0.055328852665839 -4905 58495.842
0.00180120960168429 0.0537909297595672 -4807 58853.35
0.00178138677878141 0.0532442092338375 -5071 58936.72
0.0016243327500634 0.0512511890637189 -5568 59209.335
0.00180373266688829 0.053967516410981 -5190 58877.78
0.00168809618877085 0.0521788355553714 -5231 59083.132
0.00191047407123346 0.0547709753487814 -4738 58467.421
0.00163314470291579 0.0512386310106139 -5341 59201.852
0.00192815812372825 0.0549495967790075 -4847 58515.345
0.00194014695147058 0.0549241952991756 -4901 58449.064
0.00163808137510259 0.0515435446826376 -5488 59173.538
0.00173990751491936 0.0526915644975435 -5362 59029.698
0.00177466831283293 0.0531002487931947 -5021 58956.521
0.00194440851584193 0.0553485866669961 -4593.1 58276.831
0.0019093128558609 0.0547935543391667 -4667.1 58415.53
0.00182094671548422 0.053979192161449 -5028 58847.032
0.00177758282080578 0.0531455130317655 -4944 58919.053
0.00194870205943265 0.0554412001054483 -4833 58404.285
0.00195078953978184 0.0554831110383302 -4576.2 58211.853
0.00176106216171617 0.0528254690733735 -5198 58998.896
0.00164127394544586 0.0515238544914011 -5256 59181.844
0.00172273044110187 0.0521080972361465 -5172 59074.635
0.00191783521296352 0.0552789159959139 -4902 58499.579
0.00191358611518091 0.0548915509860065 -4631.7 58367.87
0.00194701263474168 0.0550535636289244 -4802 58401.169
0.00167264649859472 0.0523082461841039 -5125 59065.977
0.00181863790536381 0.0543221717214693 -5071 58837.918
0.00176339640936741 0.0528685506006674 -5011 58972.197
0.00165069390591454 0.0515241733786408 -5562 59158.323
0.00194019498398097 0.0553276323424795 -4699.5 58328.553
0.00195078953978184 0.0554807788935484 -4579 58229.778
0.00164939558267048 0.0515479986393686 -5427 59162.637
0.00183014476978737 0.0541888085922084 -4844 58796.043
0.00180463218257992 0.0536431092471362 -5093 58896.061
0.00164106621796607 0.051505921458514 -5208 59149.168
0.00165984244391683 0.0520156838877324 -5268 59119.937
0.00177077448939949 0.0531075561547649 -5138 58960.266
0.00185810310003515 0.0549208830774653 -4826 58687.059
0.00181863563121923 0.0543187975917665 -4991 58816.757
0.00189743356375392 0.0554540624925721 -4690.4 58352.194
0.00176429243734323 0.0528524687753595 -5087 58996.862
0.00192401679634994 0.0551098145014566 -4924 58455.733
0.0019501558250273 0.0554825899782021 -4551.9 58140.394
0.00182406282283743 0.0543617320715615 -4808 58776.419
0.00163122205840209 0.0511058533695029 -5536 59215.933
0.00185810542896724 0.0549246383443469 -4875 58709.954
0.00163808137510259 0.0515403930235109 -5612 59174.415
0.00189133970326556 0.0547198557611889 -4865 58564.12
0.00180982083150245 0.0539659704045588 -5127 58852.354
0.00190550451975168 0.0554177651615238 -4701 58338.661
0.00163290249016843 0.0512001735771506 -5357 59211.163
0.00163808137510259 0.0515400713721809 -5643 59175.269
0.00164939558267048 0.051547998819851 -5396 59162.037
0.00190859993637862 0.0547695147550873 -4774 58478.669
0.00180373266688829 0.0539712583173397 -5148 58866.184
0.00164727273633154 0.0516040113143733 -5217 59156.98
0.00190432344459457 0.0553521779904277 -4653.3 58326.438
0.00175294401549296 0.0526568847198132 -5221 59036.662
0.00194873662986277 0.0550931062904933 -4793 58379.937
0.00189133970326556 0.0547198557611889 -4862 58562.097
0.00191572231205791 0.0547422249967306 -4859 58544.628
0.0019435112184932 0.0553434569261277 -4579.7 58243.006
0.00163354908123641 0.051144554346904 -5714 59214.817
0.00177108767583009 0.0531162321850012 -5048 58953.089
0.00190594273387143 0.0547945752883401 -4887 58533.713
0.00193167271471688 0.0549784206359066 -4801 58461.471
0.00190433573703269 0.0553276712954561 -4582 58259.999
0.00165069390591454 0.0515240293430019 -5551 59165.27
0.00190227826108248 0.055315365114581 -4615.4 58326.507
0.00194873662986277 0.0550934547806557 -4787 58377.342
0.00189969180691432 0.0553459590052051 -4653.3 58350.613
0.0016442315693015 0.0515371236346191 -5665 59174.927
0.00187479636262853 0.0552502533827796 -4708.6 58432.508
0.00175888771547693 0.0526910295388105 -5158 59019.081
0.00190375698167265 0.055345231459343 -4879 58435.898
0.00163391820583556 0.0511492476350508 -5400 59208.656
0.0019152607428304 0.0550179193056208 -4961 58506.054
0.00166696986143126 0.0519529689897602 -5036 59071.724
0.00164994945587187 0.051549511996652 -5427 59158.667
0.00176789285010514 0.0528964430402972 -5077 58983.181
0.00162723351716269 0.0512249052620167 -5373 59206.205
0.00181544622545787 0.0541461878690266 -4913 58846.973
0.00166811305264947 0.0521391854919124 -5230 59101.92
0.0017529420234359 0.0526565215832967 -5139 59026.953
0.0018910814893864 0.0547280211628096 -4739 58537.264
0.00189083294117801 0.054733350659725 -4648.1 58441.805
0.0018543700567693 0.0546752941320133 -4673 58643.987
0.00182916530258445 0.054385100134262 -4833 58795.15
0.00163391820583556 0.0511492611183314 -5403 59208.444
0.00181556580683965 0.0541537630257501 -4616.1 58709.514
0.00163122205840209 0.0511028302158348 -5625 59218.621
0.00166823095092461 0.0519776241344568 -5107 59081.814
0.00189969180691432 0.0553458691344527 -4653.5 58351.535
0.00185696546083733 0.0548796976514373 -4836 58687.978
0.00189896962843916 0.0548234580879631 -5001 58571.073
0.00189940349863698 0.0553414881823232 -4595.7 58300.592
0.0018568254059512 0.0548749476229476 -4991 58721.016
0.00181584412888987 0.0537827879053119 -4773 58807.428
0.00162214825784707 0.0512256979792975 -5321 59216.391
0.00193167271471688 0.0549798429077689 -4758 58453.514
0.00182613254308443 0.0541856287236734 -5030 58813.981
0.00191053772418845 0.0549342735728017 -4664.7 58410.18
0.0019152607428304 0.0550210289834506 -4982 58518.252
0.00174768256378788 0.0525236387799367 -5158 59041.297
0.00176188676004122 0.0526678473842524 -5139 59003.189
0.00191429278838578 0.0552057766711296 -4563.8 58271.534
0.00187344228215024 0.0552351502241212 -4764 58471.727
0.00195000151782299 0.0554831211258834 -4545.8 58156.154
0.00195079192003004 0.0554859522894205 -4608.3 58219.082
0.00164994945587187 0.051549511996652 -5426 59157.004
0.00162315579472848 0.051137396114583 -5367 59223.677
0.00194539477845351 0.0554394074248262 -4798 58378.395
0.00192793919930948 0.0549416453141456 -4749 58405.337
0.00180532936193313 0.0535240701360602 -4937 58891.384
0.00189107440301562 0.0547346798142161 -4739 58505.045
0.0019111564512454 0.0553396705920307 -4649.6 58401.076
0.00177002503614042 0.0530887125640917 -5048 58956.526
0.00182776229512994 0.0543587904580155 -4766 58768.936
0.00195078953978184 0.0554792312439859 -4596.4 58265.241
0.00169825519824187 0.052463287028141 -5237 59063.161
0.00191019913915137 0.0553379142577932 -4729 58458.463
0.00187464070974727 0.0552366896161994 -4886 58546.272
0.00165258333709592 0.0513297361270321 -5463 59163.961
0.00194440851584193 0.0553482502565949 -4593.1 58277.066
0.00190033148065932 0.0549543238613931 -4748 58481.833
0.00195082718257545 0.0551031811511596 -4865 58406.792
0.00185152351864545 0.0546475504347381 -4638.6 58600.511
0.0016232312058899 0.0512561635387664 -5310 59205.458
0.00193805827756954 0.0553081131393857 -4579.8 58253.025
0.00186000992189742 0.0549086897496574 -4877 58718.891
0.00191114951205111 0.0553432350768608 -4700.9 58413.976
0.00176982942181503 0.0530826290682193 -5053 58960.408
0.00190831515054308 0.055282657059079 -4728 58450.914
0.00164303933865566 0.0515137796622637 -5373 59168.903
0.0017720029716282 0.0531455889960935 -5062 58949.664
0.00177002503614042 0.0530889618869304 -4997 58939.422
0.00194294946819617 0.0549589615393057 -4781 58409.479
0.00179018151555137 0.0531796481219 -5078 58927.341
0.0017720029716282 0.0531457426503151 -4996 58933.421
0.00195019737202755 0.0554840184149033 -4884 58363.059
0.00195019497777322 0.055486395390602 -4731 58349.658
0.00169956438352804 0.0524775298972973 -5228 59059.225
0.00190815910686746 0.05527431862311 -4807 58468.845
0.00189043230110075 0.0552901536279487 -4580 58290.124
0.00164835225547273 0.0516330587867039 -5665 59158.871
0.00176921964250033 0.0529082999723563 -5030 58981.743
0.00183930286588231 0.0546338292191794 -4752 58725.456
0.00180548808846652 0.0535257875565976 -5101 58886.914
0.00185494657196614 0.0548542560429748 -4922 58728.983
0.00180758013185919 0.0540545787065581 -5002 58849.55
0.00193759895515228 0.05505216185644 -4903 58482.868
0.00167552842209529 0.05200813192837 -5114 59082.322
0.00174790251140388 0.0525390027178951 -5237 59041.728
0.00190777658777507 0.0554566522225199 -4832 58424.922
0.00182038443642865 0.0538705100945758 -4874 58808.169
0.00176684830526004 0.0530600570126682 -5053 58974.348
0.00178656863464474 0.0531514808395012 -5072 58931.073
0.00181662087531629 0.0547559794892012 -4625.8 58591.822
0.00175168379447806 0.0526100741000345 -5149 59034.092
0.00165351504601344 0.0515297270296308 -5425 59157.391
0.00190409931538627 0.0552877420788734 -4852 58540.499
0.00195019497777322 0.0554845235929567 -4734 58350.541
0.00177537342376376 0.0531831776301588 -5052 58943.845
0.0017523398509623 0.052960314835614 -5162 59007.403
0.00167917040234772 0.0522037293352036 -5071 59079.636
0.00165371719120518 0.051544043354079 -5220 59155.441
0.00178826409919767 0.0531535441625765 -5106 58927.406
0.00195019737202755 0.0554892561464525 -4662.9 58266.744
0.001907726532315 0.055457170803588 -4815 58394.698
0.00179966611724712 0.0536013406856382 -4936 58899.353
0.0018985824161619 0.0548166420614914 -5001 58572.9
0.0016457264666547 0.0519407448304088 -5513 59145.525
0.00176923158423144 0.0529119739272673 -5076 58976.475
0.00165579453734415 0.0515991898831645 -5206 59131.813
0.001671292850349 0.0519345642473129 -5140 59114.762
0.00176923158423144 0.0529088973851103 -5111 58980.056
0.00165579453734415 0.0515992552398684 -5284 59152.901
0.00164806523789208 0.0515652291110016 -5450 59162.985
0.00190718959198827 0.0554280029733863 -4866 58434.187
0.00189274641482159 0.0547757864674458 -5024 58588.211
0.00175129408017952 0.0529238223862065 -5165 59014.687
0.00177356570123809 0.0529103493974014 -4945 58936.726
0.00178488844665288 0.0533061855506358 -4962 58917.02
0.00190286337185629 0.0551858091076033 -4790 58553.428
0.0019038994121375 0.0552898539980581 -4852 58542.267
0.00191140036289537 0.0551782962324407 -4802 58498.316
0.00177152359268366 0.0531354060185873 -5053 58956.671
0.00176810183038518 0.0532502153009168 -5101 58969.403
0.00188225787160294 0.0548327173787708 -4901 58607.577
0.00174887963425744 0.0524779984206458 -5391 59036.88
0.00195008874359457 0.0554892597015298 -4552.3 58182.661
0.00190831515054308 0.0552801998172965 -4831 58497.426
0.00179124826554671 0.0544120994224114 -4646.8 58655.179
0.00181938338372246 0.0542042735040526 -4969 58826.866
0.00164642418843056 0.0518363158270055 -5616 59150.455
0.00184265078215296 0.0547298513950116 -4764 58687.972
0.00185838946002426 0.0549100675025502 -4791 58685.891
0.00195746761350842 0.0552534392500533 -4781 58334.489
0.0019501558250273 0.0554779574059596 -4679.3 58301.168
0.00166991084749747 0.0518533914347894 -5071 59080.255
0.00175696523831712 0.0527381268111509 -5254 59010.988
0.00185423730250224 0.0549441432579998 -4566.5 58459.337
0.00195078953978184 0.0554820283244029 -4568.4 58218.512
0.00194311256333427 0.0554654224290582 -4823 58411.802
0.00163655700424346 0.0512005220648425 -5600 59210.707
0.00182027033541436 0.0541994105129864 -4969 58820.47
0.001948912980433 0.0554373208511013 -4706 58351.851
0.00163358694762687 0.0515930301080779 -5298 59163.655
0.00163122205840209 0.0511054913400129 -5518 59218.527
0.0018631700567916 0.0553247642687864 -4578.8 58332.548
0.00195008874359457 0.0554842418899632 -4757 58370.083
0.00163005585835419 0.0512882115499329 -5453 59199.705
0.00195070230873088 0.0554712646560664 -4664.2 58279.597
0.00192438475499716 0.0550488280049322 -4570.8 58266.723
0.00180772959043102 0.0546408890618836 -4746 58684.071
0.00180689550399075 0.0540916660908418 -4807 58821.507
0.00190389707706629 0.0552860124301373 -4849 58543.669
0.0018855950570976 0.055269838107982 -4796 58479.622
0.00164997277290011 0.0515678493726053 -5436 59160.001
0.00165460866224701 0.0516970436855571 -5644 59153.018
0.00194211767804271 0.0554586051369087 -4823 58412.08
0.00184168947645926 0.0550514105744899 -4562.2 58404.704
0.00164794270869516 0.051831722045015 -5349 59145.13
0.00195008874359457 0.0554849498666748 -4581.3 58249.849
0.00184371911052205 0.054746194795985 -4821 58726.39
0.00177008268132357 0.0539543958669936 -5019 58868.657
0.00184718096690408 0.0549183071874296 -4768 58698.57
0.00195051600478121 0.0554672361089035 -4678.2 58285.406
0.00183550699446353 0.0546330071471056 -4680.3 58683.186
0.00178953813938099 0.0543821078237937 -4996 58813.783
0.00194684618745753 0.0554230946627278 -4704 58357.556
0.00195079192003004 0.0554758061027214 -4727.4 58285.844
0.00188977468351738 0.0550004427262192 -4860 58555.103
0.00176790556263144 0.0532435156924645 -5097 58952.073
0.00191720358671518 0.0548325964983602 -4830 58472.299
0.00191140036289537 0.0551791515521449 -4850 58465.11
0.00163102422226709 0.0510882088773232 -5616 59222.313
0.00163859416239395 0.051661858532891 -5669 59169.639
0.00181883894860699 0.0548258233695047 -4917 58744.3
0.00195078953978184 0.0554786029652378 -4609.8 58275.916
0.00166745493146163 0.0521654000987423 -5335 59097.935
0.00174157731797811 0.0523302523927382 -5474 59044.952
0.00191232860000713 0.0551863078643542 -4596.7 58282.38
0.00194635456617069 0.0554469839004692 -4805 58387.872
0.00164995287950192 0.0514931790464993 -5493 59166.731
0.00184096846347402 0.0547171923504154 -4861 58779.157
0.00163555775029789 0.0516141071332211 -5464 59184.375
0.00168471215726531 0.0516552993625938 -5426 59146.787
0.00191044404377336 0.0553743406231076 -4832 58415.563
0.00195198869263857 0.0552179693199551 -4727 58369.339
0.00194311256333427 0.05546473687383 -4872 58429.933
0.001821773835557 0.0542206565236998 -4620 58680.495
0.00164026549338943 0.0517077163345572 -5564 59166.512
0.00187224394624409 0.0552599220554022 -4742 58480.72
0.00173678621690317 0.0532997971781969 -5131 58967.954
0.00194914719129779 0.0554675304998583 -4554.6 58189.709
0.00162543435276841 0.0511538412324573 -5536 59221.829
0.0018403156147147 0.0547687297217435 -4794 58757.764
0.00191136366537075 0.0551755268249686 -4835 58524.617
0.00184383255354439 0.0547518788809266 -4716 58683.7
0.00167926741481317 0.0521303214896475 -5294 59092.333
0.001903351792004 0.0552055836235878 -4581.6 58282.501
0.00165375515891207 0.0515721403167734 -5480 59158.028
0.00163102422226709 0.0510883523572183 -5617 59222.087
0.00162177964022463 0.051216128058003 -5079 59101.503
0.00165395651156673 0.0515872061146529 -5675 59158.383
0.00194313390202059 0.0554701129153212 -4687.1 58328.497
0.00181989692349805 0.0548461310967775 -4645.4 58646.015
0.00191232860000713 0.0551751710132567 -4878 58497.533
0.00166673939459095 0.0518694453462582 -5299 59128.404
0.00162543435276841 0.0511539988418095 -5536 59215.142
0.00165061750849505 0.0516402967163387 -5221 59148.683
0.00178557708967541 0.0534267436811317 -5179 58940.853
0.0016411456915526 0.0517592737222804 -5545 59163.417
0.00178352378420562 0.0534179739981821 -4963 58929.285
0.0016490594106701 0.051841788560737 -5354 59143.184
0.0019290421096639 0.0552567409437408 -4598.4 58306.666
0.00195019737202755 0.0554919273435829 -4607.7 58227.532
0.00195019737202755 0.0554842310973642 -4791 58268.78
0.00190562503218521 0.055451984882046 -4885 58448.684
0.00184352346664252 0.0547725707368634 -4778 58746.554
0.00192345073427688 0.0551763714174704 -4697 58375.949
0.00188121449101546 0.0545649950158644 -4798 58580.777
0.00195009113776712 0.0554815877456737 -4869 58395.676
0.00182689687499255 0.0550408442209825 -4671.4 58596.909
0.00176795943356052 0.0538678561170342 -5185 58901.928
0.00162543240775821 0.0511537962809358 -5389 59219.057
0.00180072150048346 0.0538631357417284 -5019 58875.486
0.00194732112670599 0.0554367509409776 -4902 58408.365
0.0019020542667198 0.0549391503257317 -4644.8 58390.968
0.00187948124325532 0.05453961313759 -4897 58610.967
0.00195007967225344 0.0554873800988023 -4662.7 58266.744
0.00179298181956797 0.0536270111330223 -5042 58906.552
0.00170413261899782 0.0530661628088262 -5268 58990.959
0.00184708060718439 0.0549184991000418 -4799 58715.216
0.00190810215542659 0.0550742256844431 -4713.8 58446.091
0.00170913844291903 0.0531013681937213 -5024 58958.675
0.00177394440347293 0.0539736034879141 -5099 58887.198
0.00175095743943352 0.053655760981061 -5168 58931.098
0.0018314578559524 0.0546586910995354 -4887 58806.026
0.00170010689426604 0.0526439865944426 -5292 59046.745
0.00164785392923974 0.0518203158752438 -5375 59149.234
0.00179238070184605 0.0543924718362049 -5111 58824.462
0.00178361072629556 0.0534259478745452 -4962 58927.858
0.00174730593987578 0.0528209529618031 -5152 59026.455
0.00184645519465916 0.0549130987554891 -4971 58736.375
0.00182185165954629 0.0548491316374075 -4861 58736.263
0.0017114279620386 0.0533280189897769 -5268 58975.365
0.00192933539206247 0.0552901876476456 -4833 58425.664
0.00195023669359446 0.055486627190748 -4662.5 58266.744
0.00191534730818351 0.0549608624404561 -4565.6 58290.359
0.00165395651156673 0.0515872061146529 -5683 59160.206
0.00195224866232765 0.0551751280264541 -4774 58359.515
0.00181615264452002 0.0549204070897565 -4826 58752.497
0.00175072293600781 0.0536464102140655 -5118 58937.378
0.00190810215542659 0.0550723814004773 -4982 58524.869
0.0018728357093987 0.0552533332698678 -4743 58480.348
0.00191217397018601 0.0551666680539086 -4904 58507.872
0.00171071334322779 0.053313597171004 -5115 58955.75
0.00194852482172795 0.0554919334643566 -4584.9 58255.613
0.00182148516945213 0.0548765836782245 -4928 58739.012
0.00184208927084247 0.0548917390193585 -4787 58730.719
0.00164794270869516 0.05183181544352 -5427 59144.098
0.00182033623526496 0.0541773426578827 -4917 58834.166
0.00166545450727601 0.0518256728069436 -5034 59075.704
0.00194839969371438 0.0554942719872243 -4567 58204.09
0.00184052501970004 0.0546746806200041 -4854 58769.664
0.00165081111650026 0.051835300827004 -5439 59142.034
0.00192687884609904 0.0551928844054767 -4785 58417.915
0.00182429545388542 0.0542200232443994 -4711.5 58690.762
0.00187112187151799 0.0552001183491418 -4695.6 58449.535
0.00181630651163183 0.0549242748945072 -4846 58747.697
0.00177983989482952 0.0541844848357462 -5075 58862.611
0.00191248183396597 0.0551719466344469 -4875 58494.466
0.00182300288254733 0.0549590230314393 -4826 58718.676
0.00182671552969538 0.0550346565394954 -4787 58636.285
0.00175272089643206 0.0529445116688751 -5092 58986.354
0.00168991301534666 0.052567116236565 -5415 59053.694
0.00178513374808309 0.0531901293917178 -4997 58911.358
0.00165229310326472 0.0519197063119936 -5005 59004.137
0.00162291590229553 0.0511106694138834 -5458 59225.764
0.00166495240853837 0.0522260160544304 -5527 59090.098
0.00168679364537012 0.0526238755943562 -5346 59057.68
0.00165099775442009 0.0518905222184681 -5300 59141.798
0.00185297539180439 0.0548286959898536 -4935 58750.165
0.00190180197734175 0.0549870560645827 -4607.4 58429.691
0.00184710892130567 0.0549293759254057 -4672 58638.052
0.00164805647384899 0.0518343777840868 -5125 59126.916
0.00190488094465896 0.055186220802781 -4990 58557.221
0.00177369374802919 0.0532593215716327 -5159 58955.024
0.00165689300415815 0.0519993227172259 -5327 59123.295
0.00187274743923383 0.0552105659598258 -4787 58540.544
0.00164892687938877 0.0518541054597432 -5357 59141.926
0.00163750660875691 0.0512783244266928 -5435 59188.094
0.00165564785667506 0.0519592834767453 -4991 58998.155
0.00179124826554671 0.0544120228781726 -4665 58658.343
0.00163023936084906 0.0513821718122001 -5567 59196.755
0.00182694378268934 0.0550478548373597 -4633.6 58593.69
0.00194455956165404 0.0550718569926205 -4956 58443.898
0.00169788384366782 0.0524999633691776 -5417 59053.125
0.00168568954127436 0.0526103521222745 -5153 59069.992
0.00183435091226843 0.0544266212765976 -5043 58800.993
0.00191993505665234 0.0551539070546984 -4821 58450.36
0.00178851580653768 0.0542082438661166 -4878 58823.094
0.00174730593987578 0.05282089251376 -5236 59028.687
0.00191217397018601 0.0551670218251314 -4905 58510.657
0.00184684031799081 0.0549156529397127 -4669 58638.44
0.00194094471373151 0.0554357331469202 -4586.7 58270.52
0.00194808083664632 0.0554832533747992 -4690.6 58280.411
0.00162907295202273 0.0510695651340615 -5639 59226.417
0.00164649962934999 0.0514089312081806 -5658 59177.12
0.00184017626791437 0.0547639861685075 -4917 58769.091
0.0018055891958276 0.0539703890029744 -4888 58858.324
0.00191231726214962 0.0551765024797013 -4801 58469.87
0.00190856569196343 0.0551374182888227 -4791 58495.984
0.00162907295202273 0.0510692950338756 -5610 59228.017
0.00163746110098479 0.0512822930488801 -5376 59207.471
0.00180547786110421 0.0539681098795075 -4944 58860.079
0.0018991804356488 0.0550123929112351 -5038 58590.18
0.0017920094768305 0.0544439225752056 -4838 58807.003
0.0017534827236971 0.053050669155978 -5249 59012.613
0.00180132642604772 0.0538661024736688 -5069 58902.41
