0.00194165919497006 0.057041453430836 -4230.7 55600.284
0.00194073162468585 0.0570486846132855 -4231.8 55607.515
0.00194205933544769 0.057045372778085 -4235.1 55612.323
0.00190757370376301 0.0565379912546474 -4388.6 55800.003
0.00175616903595508 0.0553074277857801 -4408.5 56087.471
0.00194181316891565 0.0570387842453271 -4254.8 55626.085
0.00194144236076048 0.0570404774052623 -4302.1 55642.265
0.00190688957122223 0.0565199302539204 -4362.9 55799.193
0.00191044864933329 0.0565803912395178 -4264.4 55701.465
0.00194205933544769 0.057045526425709 -4238.4 55609.702
0.001948880455403 0.0570938371926129 -4275 55597.698
0.00187643514874345 0.0569905381278306 -4316.2 55734.821
0.00190264705511865 0.0568112293140187 -4271 55728.905
0.00186291230012528 0.0566791759012993 -4361.4 55938.324
0.00195060323841186 0.0571268615614088 -4416.3 55687.555
0.00194171552135445 0.0570380933083486 -4314.4 55678.802
0.00186092957596384 0.0566880419110417 -4276 55886.548
0.00190884210314135 0.0568590009472176 -4287.8 55707.433
0.00181573370068036 0.0565459297238721 -4380 55976.647
0.00184552251293415 0.0569020321158634 -4262.7 55777.775
0.00186071447488643 0.0566788907271827 -4284.7 55891.095
0.00181454119094603 0.0565212203957225 -4363.6 55969.449
0.00190585604123164 0.0568393055969992 -4318.6 55802.778
0.00180489072595546 0.0563317460773779 -4396.6 56004.535
0.00175360248995265 0.0553273185655794 -4398.3 56084.606
0.0019060454813257 0.0570367197526674 -4240.3 55626.051
0.00190404874819687 0.0564955249363766 -4260.7 55716.712
0.00190580955812929 0.0568369817276718 -4304.7 55761.461
0.00186092957596384 0.0566855304233644 -4379 55894.931
0.00186341120096573 0.0566856003843734 -4283.5 55880.398
0.00194652893869371 0.0570439548398535 -4320 55647.875
0.00185730277787628 0.0565933919988624 -4332.8 55924.181
0.00186243194786627 0.0566787195201728 -4343.9 55943.548
0.00186092957596384 0.0566822444148353 -4412.8 55966.614
0.0017509708681541 0.0552371918835559 -4426.1 56092.732
0.00186259357283905 0.0566689276729119 -4386.2 55943.333
0.0018632474178029 0.0566871332023999 -4283.3 55888.575
0.00166940585320382 0.0528126694330086 -5123 56541.65
0.00183880194619562 0.0563032165993229 -4394.9 56011.025
0.00184408088664656 0.0564799862210391 -4387.5 55970.855
0.00190289059398941 0.0569977947588811 -4350.3 55714.234
0.00177178653551084 0.05566098713606 -4493 56099.323
0.00190075460053081 0.056743713416918 -4255.4 55706.489
0.00186058547912715 0.056679807821456 -4340.5 55925.226
0.00167393738256514 0.0529289442710448 -5053 56531.695
0.00190602780495035 0.0568407670243398 -4333.7 55798.775
0.0018396204238198 0.0563430829827564 -4391.6 55988.733
0.00194782502566341 0.0571052744271957 -4284.4 55602.878
0.00166940585320382 0.0528136213275888 -5157 56546.238
0.0018904586929328 0.0569480015412897 -4316 55721.279
0.00192244936109022 0.0569110005228397 -4315.4 55728.836
0.00180609284655349 0.0556672495348912 -4564 56176.845
0.00190805665493063 0.0569417417896811 -4439.6 55850.677
0.00179237208931229 0.0561099679026392 -4313.8 55980.008
0.0019043210269694 0.0569301982509755 -4373.3 55746.277
0.00182168497333601 0.0558385154467313 -4576 56170.569
0.00187528482859526 0.0569866617191631 -4471 55866.975
0.00182129281684876 0.0558110358227354 -4603 56179.534
0.00195094932042387 0.057140090086426 -4285.2 55616.241
0.00188837438289175 0.0563349423270254 -4290.2 55764.824
0.00190674539208005 0.0567748368889331 -4308.8 55728.79
0.00182171576482093 0.0558985908493231 -4460.6 56091.074
0.00194122758076734 0.0570360135022113 -4281.7 55657.451
0.00190808937262459 0.0569414435561716 -4450.3 55861.882
0.00195094932042387 0.0571418811518511 -4321.8 55651.016
0.00190528960055182 0.0568179164742348 -4385.9 55816.11
0.00195094932042387 0.0571399156396407 -4246 55567.756
0.00187304949376695 0.0569454690516872 -4437 55847.47
0.00191104806951961 0.0569329268807063 -4231.8 55697.102
0.00173363488915342 0.0547746409484813 -4491 56187.839
0.00190568331738266 0.0568865135776589 -4469 55874.783
0.00190205215971504 0.0569153986685188 -4331.4 55853.794
0.00186183455542348 0.056322086386951 -4327 55930.281
0.00184212107720899 0.0560791363390438 -4357.4 55976.185
0.00190231309908173 0.0567497180695117 -4336.5 55810.348
0.0018117600169295 0.0557395827493138 -4393.8 56068.228
0.00190589907071029 0.0569096391673845 -4464 55864.809
0.00194144466497862 0.0570394893296096 -4308.7 55649.576
0.00189972816379631 0.056809188391149 -4646 55901.175
0.00168143423575078 0.0530814913941647 -5048 56516.479
0.00194364170331126 0.057123175271264 -4321.6 55670.581
0.00190829830833039 0.0567881316665376 -4469 55911.269
0.00194245162967749 0.0570976656189933 -4349.2 55711.679
0.00190273347384115 0.0568524613498997 -4344.4 55749.268
0.00195000336837755 0.0571457444309706 -4415.8 55651.605
0.00191012943530425 0.0564470761733544 -4477 55866.093
0.00193304519950796 0.0569912654679835 -4361.5 55715.228
0.00194667650383326 0.0571023979818001 -4281.8 55635.888
0.00190208887935789 0.0568581865603495 -4703 55894.745
0.00188578666440843 0.0563349423270254 -4293.3 55771.839
0.00188183298199529 0.0567452512102889 -4514 55968.474
0.00182717715132886 0.0559567832536238 -4362.8 56040.327
0.00176518262187698 0.055596098484029 -4449.5 56104.463
0.0018996201288919 0.0569555703042173 -4336 55705.604
0.00188304608874865 0.0567520380590223 -4505 55966.392
0.00187883372501365 0.056649013780545 -4514 55978.592
0.00183530654676871 0.0561268689797747 -4352 56023.39
0.00184045917507688 0.0561498341944488 -4406.2 56008.19
0.00188180424673152 0.0565267935449659 -4578 56013.573
0.00183299317626056 0.0561409009355957 -4438 56060.677
0.00190245314624916 0.0563993045995483 -4295.7 55732.006
0.00194253395613935 0.0570490574048348 -4330 55681.118
0.00182556301288647 0.0559603093204568 -4604 56171.224
0.00189613509432616 0.0567555284042463 -4629 55923.095
0.0016792037513306 0.0528729313148834 -5067 56528.685
0.00167900437614271 0.0528566722109665 -5190 56546.505
0.00182551202868619 0.055958277336455 -4740 56200.123
0.001949756710214 0.0571331867455171 -4384.3 55698.118
0.00195000336837755 0.0571466599860986 -4481 55654.658
0.00168047726504309 0.0530494742190694 -5058 56517.452
0.00190236714519715 0.0568707032835148 -4461 55891.705
0.00195243388496175 0.0570363137896302 -4300.6 55568.655
0.00167900437614271 0.0528570055643585 -5221 56546.465
0.00190843049890474 0.0567949759217368 -4470 55916.47
0.00182389280096843 0.055994601462042 -4334.9 56009.597
0.0018117600169295 0.0557396590794762 -4393 56054.016
0.00195259296402733 0.0570377465545001 -4369.3 55642.238
0.00194960204710912 0.0571410176946173 -4396.5 55660.237
0.00194965778154736 0.0571359668265146 -4331.7 55685.622
0.00183990374727247 0.0561141376607538 -4307.4 55937.847
0.00194960204710912 0.0571407972160919 -4396.7 55660.394
0.00187789460849388 0.056600167583872 -4390.5 55878.864
0.00174980088527459 0.0551165853790582 -4382.4 56073.304
0.00182551449213954 0.0559622256718284 -4533 56137.978
0.00195070468879787 0.0571377207293502 -4224 55560.464
0.00195000336837755 0.0571460348113575 -4317.9 55641.81
0.0019510200386426 0.0571190222915027 -4229.6 55554.901
0.00180285662641357 0.055586470021344 -4442 56116.425
0.00194678752340174 0.0571128905263518 -4281.8 55621.964
0.00194598651023559 0.0571063949903483 -4551 55794.357
0.00182197245998528 0.0557724764295786 -4400 56057.175
0.00180638768912875 0.0558639616791123 -4452.3 56091.675
0.00188568149759945 0.0565309648446595 -4320.7 55804.076
0.00170119959181365 0.0542506774342915 -4807 56405.413
0.00195259296402733 0.0570354415416105 -4441.5 55654.541
0.00180459430231901 0.0558449228025778 -4444 56084.302
0.00190562081562361 0.0567549995143761 -4509 55943.288
0.00189649481388083 0.0569251204792279 -4314.5 55720.517
0.00194941588180409 0.0571359127951512 -4329.5 55676.028
0.00182721760541215 0.0558158053933207 -4394.5 56029.152
0.00191562436166683 0.0565946220945585 -4688 55887.52
0.00180888247000081 0.0563790687688209 -4400 56052.333
0.0019497691699479 0.0571435574022541 -4360.5 55643.156
0.00195259296402733 0.0570344536025522 -4361.4 55657.132
0.0017671309049637 0.0556937656440037 -4465.5 56106.101
0.00170425058959582 0.0542545798658096 -4412.7 56185.709
0.00194598651023559 0.0571057098772354 -4543 55776.652
0.00194941588180409 0.0571401048905584 -4302.2 55617.338
0.00193909609540669 0.0569675930210183 -4370.3 55716.558
0.00172949235455609 0.0541839778653315 -4859 56418.934
0.00191683841009567 0.0566638569015645 -4424.8 55756.015
0.0018011853385885 0.055682228660094 -4444.3 56098.179
0.00195000336837755 0.0571467853599431 -4331.4 55616.394
0.00172359969164067 0.0539369944622076 -4467 56209.369
0.0017777548155071 0.0559425876920596 -4444.7 56078.825
0.0019497691699479 0.0571439163865551 -4310.4 55622.97
0.00170119959181365 0.0542508033990363 -4809 56405.202
0.00195259296402733 0.0570344536025522 -4361.7 55659.628
0.00172985934326641 0.0548187968281042 -4747 56346.009
0.0017686700246864 0.055591098022457 -4453.3 56111.953
0.00193998004367947 0.0569259354076342 -4343.3 55708.772
0.00195000336837755 0.0571432438179006 -4548 55751.206
0.00195259296402733 0.0570318706683934 -4546 55744.03
0.00195000336837755 0.0571470062557413 -4273.9 55538.458
0.001682864827691 0.0531060041409937 -5072 56524.59
0.00183273880742405 0.0558637481253147 -4287.1 55918.695
0.00181459152067622 0.0558750280948818 -4679 56187.866
0.00195259296402733 0.0570319483492543 -4554 55746.479
0.00182571439084299 0.0557372257561131 -4310 55968.834
0.00195070468879787 0.0571290773023843 -4591 55769.536
0.00186164415680394 0.0564333649470169 -4645 56103.618
0.00194552310609361 0.0571307572187018 -4339.5 55697.937
0.00188734055119009 0.0566600091415101 -4392.1 55858.916
0.00186908472031143 0.0565034936631993 -4677 56054.123
0.00186295981383894 0.0564572849993904 -4358 55932.109
0.00166828790882493 0.0529216373486939 -5291 56543.468
0.00182296613500072 0.0563397220663325 -4645 56120.461
0.00195243388496175 0.0570363137896302 -4303 55570.103
0.00182501855550648 0.0563600526633394 -4640 56113.273
0.00186295981383894 0.0564541501153135 -4474 56044.907
0.00194605529928423 0.0571398608756296 -4452 55705.065
0.00186295981383894 0.056455530896301 -4432.8 55975.889
0.00195259296402733 0.0570331695153707 -4600 55765.984
0.00186295981383894 0.0564560847729102 -4412.7 55968.966
0.00185877381352067 0.0564410780557462 -4363.5 55949.73
0.00168580593711951 0.0531742790697603 -5160 56540.2
0.00186199707472853 0.0564325915867333 -4400 55964.804
0.00186190491492589 0.0564273401789844 -4418.1 55979.99
0.00194423349534469 0.0570842054269945 -4279.7 55609.081
0.00194377734770793 0.0571294814856187 -4454 55734.834
0.00194605529928423 0.0571436447924518 -4340.4 55654.137
0.00186672373112818 0.0565744523075137 -4374.8 55935.938
0.0018680573893078 0.0565860488072549 -4289 55826.921
0.00170984436961745 0.0538266813338458 -5072 56487.078
0.00185919109448398 0.0564477382145521 -4341.3 55925.343
0.00171218702967551 0.0538938054781688 -4983 56482.975
0.00171605327743853 0.054024911979302 -4955 56467.212
0.00185919109448398 0.0564485600393329 -4274.4 55879.45
0.00195259296402733 0.0570319298638669 -4590 55757.727
0.00171605327743853 0.054028746735763 -4633 56352.72
0.00181017647450433 0.0556964891113356 -4609 56196.776
0.00175498663342485 0.0546432718256597 -4890 56378.837
0.00171326460937171 0.0539703566310904 -4945 56472.024
0.00169584248538412 0.0535071241657567 -5103 56517.758
0.00180787476791697 0.0558863271617442 -4714 56189.753
0.00186622146348728 0.0565808476967813 -4316.9 55892.829
0.00195259296402733 0.057032374708983 -4453.5 55708.654
0.00186870103773344 0.0565707909235774 -4631 56082.106
0.001949756710214 0.0571382188195331 -4499 55772.592
0.00191899509536637 0.0566692486088854 -4401.2 55751.903
0.00169562544624892 0.0542995155548259 -4851 56423.943
0.00171495776737393 0.053998865363938 -4950 56460.306
0.00173648267284637 0.054202566691415 -4806 56394.961
0.00194930273066137 0.0571484128139715 -4254.5 55540.085
0.0018667831669006 0.0565349955311638 -4315.4 55877.665
0.00186669622063936 0.0565701450740634 -4487 55983.046
0.00171605327743853 0.054028746735763 -4684 56353.248
0.00175498663342485 0.0546432837549986 -4892 56378.626
0.00163482415070998 0.0530772970275364 -5092 56545.5
0.00172084680267986 0.0541435777730426 -4686 56344.929
0.00195070230873088 0.0571355764234841 -4223 55562.917
0.0018618455949724 0.056408158071163 -4315.6 55889.13
0.00195000336837755 0.0571417501353033 -4688 55795.391
0.00171605327743853 0.054027919228783 -4733 56447.27
0.00185827011488233 0.0563661124124125 -4725 56114.504
0.00174303990327637 0.0553122286149812 -4531 56176.16
0.00171687545511556 0.0540089102741081 -4865 56450.505
0.00195259296402733 0.0570335093190842 -4607 55756.129
0.00172093306700397 0.0541101359785601 -4863 56434.887
0.00193199305260378 0.0568504415267323 -4471 55787.894
0.00168655971737067 0.0540991340597719 -4681 56349.266
0.00168655971737067 0.0540978292865926 -4842 56461.637
0.0016233761039057 0.0528631776581221 -5139 56574.244
0.00169754833431233 0.0535250052957337 -4957 56505.834
0.00162422833684505 0.0529003164402469 -5416 56593.122
0.00183079802609103 0.0559718828677145 -4754 56179.934
0.00172117236438571 0.0540943600786296 -4791 56435.115
0.00173896561509124 0.0542055241073048 -5073 56430.03
0.00172873664890243 0.0542253911184793 -4875 56425.062
0.00194986354158816 0.0571307864125691 -4635 55805.831
0.00184527857315037 0.0562377201355785 -4540 56095.723
0.00169754833431233 0.0535250171014868 -4958 56505.613
0.00185555167275434 0.0564282245366269 -4557 56050.884
0.0018703516747611 0.056489136546697 -4511 55975.174
0.0018324229477504 0.0558852086072598 -4730 56177.57
0.00162634701572995 0.0525917111795553 -5029 56573.1
0.00188712394297837 0.0569978698002613 -4392.2 55736.149
0.00184438819051115 0.0562250269130474 -4643 56119.431
0.00168730683925811 0.0541134713510167 -4669 56347.605
0.00184326159249242 0.0562548870683611 -4602 56099.143
0.00187002076160246 0.0564783930146285 -4441.5 55951.586
0.00193232319835764 0.0568545808091621 -4471 55780.629
0.00172128144583859 0.0546703365768681 -4535 56234.666
0.00162634701572995 0.0525917111795553 -5031 56578.503
0.00173572736800378 0.0541400785991202 -5094 56442.552
0.00184216584256036 0.0561244871527083 -4724 56162.202
0.00186524411109142 0.0563876627718265 -4763 56293.036
0.00190006110988946 0.0570202304507437 -4832 56204.984
0.00182280762002056 0.0563551182017353 -4898 56302.594
0.00184216584256036 0.0561244871527083 -4724 56162.202
0.00162634701572995 0.0525917111795553 -5031 56578.503
0.00194342650175301 0.0571104629498876 -4242.6 55598.181
0.00164058451908903 0.0529161352875365 -4971 56539.393
0.00190006110988946 0.0570202304507437 -4258.3 55641.097
0.00168723368202723 0.0541015375892258 -4781 56421.469
0.00194914569533884 0.0571490263527033 -4274.3 55540.085
0.00194295487344208 0.0570441419541101 -4384.2 55711.77
0.00186727659609769 0.056429480872123 -4328.5 55915.564
0.00171395001614095 0.0539704172739873 -4898 56467.03
0.00184339856671609 0.0562511325229109 -4590 56111.335
0.00194553101240419 0.0570254901485012 -4324.2 55655.591
0.00183973267573892 0.056254225254349 -4373.3 55989.845
0.00171924076291962 0.0546241216673128 -4569 56278.646
0.00187053295415694 0.0565454293411567 -4389.5 55942.339
0.00190370828374311 0.0569915428432112 -4323.5 55692.074
0.0018322397987775 0.055873172297873 -4749 56186.023
0.00185948291729012 0.0563700848250923 -4442.4 55999.391
0.00194914569533884 0.0571490263527033 -4274.4 55542.741
0.0018920375579764 0.0569866260424962 -4235.5 55631.957
0.00185684300265025 0.056468058455882 -4304.9 55904.997
0.00189988492424799 0.0570196318374777 -4257.4 55655.973
0.00185808172719434 0.0564816728952085 -4758 56102.366
0.0017166702430889 0.0545211137755821 -4594 56284.503
0.00172128144583859 0.0546704634810186 -4537 56234.454
0.00188504095518346 0.056948134268572 -4235.7 55665.165
0.00181918586870529 0.0558488839119867 -4665 56191.187
0.00175576989460211 0.0546340616254295 -4577 56267.583
0.00195234789470576 0.0570295742384781 -4324.8 55619.877
0.00183938510502807 0.0562430353918195 -4694 56141.93
0.00169687513189441 0.0543115668284191 -4918 56430.239
0.00175576989460211 0.054634073518519 -4578 56267.374
0.00194914569533884 0.0571490263527033 -4273.9 55539.144
0.00195094932042387 0.0571399416302917 -4359 55659.936
0.00185579443679537 0.0563205090967479 -4407.9 55972.996
0.00187073052798134 0.0565522166552069 -4426.2 55944.29
0.00166570150117974 0.0536484810807389 -4639 56380.752
0.00171354688130312 0.0537074933112107 -5005 56486.263
0.00163886735333989 0.0531439442305465 -5087 56540.062
0.00168447776265643 0.0540358217211888 -4894 56462.483
0.00183329145747073 0.0561990070572433 -4473 56070.066
0.00185579443679537 0.0563202528905268 -4426.2 55983.667
0.00168855477146454 0.0540931623728004 -4779 56422.259
0.00188481630478797 0.0567773927923163 -4398 55884.565
0.00187040898868248 0.0565430567326373 -4341 55902.613
0.00165945873215798 0.0527293074580752 -5177 56572.246
0.00171333285150779 0.0536913623139814 -4974 56484.502
0.00189339237287483 0.05703617489321 -4412.1 55732.536
0.00172128144583859 0.0546701454652679 -4542 56239.404
0.00194930273066137 0.0571495008133609 -4329.9 55586.058
0.00195284496186522 0.0568951328983179 -4624 55770.516
0.00171640293522655 0.0537506630261333 -4924 56483.72
0.00194930273066137 0.0571484128139715 -4257.6 55549.69
0.00173510955409556 0.0542351949772731 -4897 56418.931
0.00171930213967751 0.0546597544914267 -4919 56395.675
0.00169038556788286 0.0539688160028231 -4612 56311.855
0.00179867562305798 0.0561944934383239 -4453.8 56063.391
0.00186177986476007 0.0564249281155986 -4384.5 55969.097
0.0016688507611097 0.0528715510464515 -5047 56551.916
0.0018932266102582 0.0570406193848388 -4374.5 55734.304
0.00173510955409556 0.0542349567100205 -4772 56410.596
0.00174945641485381 0.0543895033239331 -4936 56400.487
0.00184986244358433 0.0563955614669991 -4815 56116.871
0.00195265393857421 0.0568853586515251 -4715 55807.224
0.00167211540614589 0.0527001320605268 -5368 56571.736
0.00177512811370565 0.0550592512814217 -4868 56335.239
0.00191155513113059 0.056620155047537 -4787 55939.173
0.00171333285150779 0.0536915917626211 -4989 56496.172
0.00174945641485381 0.0543891330234665 -4947 56405.628
0.00162203345082841 0.0529066496250306 -5427 56589.105
0.00168447776265643 0.0540359476035354 -4896 56462.272
0.00192383781449325 0.0567968903102681 -4396.7 55747.572
0.00172229738171043 0.0538325397192638 -5012 56464.515
0.00181116613461108 0.0563128310093938 -4270.2 55928.665
0.00171887640231612 0.0546063412192542 -4537 56237.931
0.00180664740772623 0.0562847836131927 -4350.7 55978.916
0.00167899395318961 0.0531440427240722 -4992 56523.777
0.00194292737190585 0.0570277111090178 -4702 55824.964
0.00173352880438497 0.0543286782201131 -4796 56400.76
0.0017183583037081 0.0537004164632187 -4989 56483.504
0.00171525762584926 0.0537479411728003 -5099 56500.268
0.00183329145747073 0.0561974973794919 -4466 56063.25
0.00171354688130312 0.0537069775172988 -5138 56510.572
0.00178628616201263 0.0550104803509176 -4827 56325.287
0.00170868947239743 0.0543899535724689 -4556 56266.96
0.00192446459100255 0.0569557305904841 -4737 55896.877
0.00166591241840673 0.0536604557215412 -4629 56370.566
0.00183301698779675 0.0567026695084069 -4249.7 55854.243
0.00195283750438611 0.0568901880833939 -4669 55794.079
0.00192419612437194 0.0568025454748952 -4401.6 55749.122
0.00195000336837755 0.0571448370454244 -4491 55696.825
0.00184665141511618 0.0563516718385957 -4295 55918.477
0.00185415906751337 0.0564779943040569 -4293.8 55898.041
0.0019481381140984 0.0571435656304484 -4378.7 55676.968
0.00175351880325387 0.0545853518227829 -4538 56242.679
0.00167090334037208 0.0537731815106499 -4999 56506.643
0.00168427004396219 0.054019480549183 -4904 56468.538
0.00186632290803025 0.056696575306462 -4462 56042.737
0.00166896755285453 0.0537123064779783 -4657 56365.886
0.00184623454680177 0.0563128310093938 -4274 55906.523
0.00183377105932222 0.0566947134225815 -4443 55966.997
0.00195094932042387 0.0571366668652717 -4562 55709.318
0.00180674753223099 0.0562081813605451 -4289.4 55933.483
0.00194502023635973 0.0570715202820706 -4243 55609.571
0.0016627185057746 0.0535787649923025 -5050 56513.676
0.00165879236093542 0.0533913460445219 -5013 56534.43
0.00184623454680177 0.0563125398905894 -4274 55907.74
0.00171504587336726 0.0537358046049422 -5027 56495.906
0.0018948997195504 0.0569842747083854 -4522 55846.814
0.00183281974958964 0.0566920288965075 -4374 55966.485
0.00170675625953266 0.0537418452442235 -4911 56488.978
0.00186632290803025 0.0566983422299422 -4446 56023.17
0.00164713388198707 0.0534088873506252 -5254 56528.913
0.00192295404416223 0.0569353114126378 -4402.2 55749.49
0.00168456770340754 0.0528613575352133 -4997 56533.511
0.00171354688130312 0.0537069743906254 -5128 56516.016
0.00167938080082921 0.0528357009034974 -5199 56546.5
0.00195070230873088 0.0571263806297135 -4645 55774.528
0.00194914569533884 0.0571501142881455 -4330.1 55588.805
0.00165677895368908 0.0535031910912727 -5296 56536.224
0.00173658198136244 0.0542972347745033 -4416.1 56188.376
0.00170901916905403 0.0535959908612157 -5195 56522.104
0.00192302589039472 0.0567475559045101 -4428.1 55763.187
0.00194525400544438 0.0570740919937141 -4260.7 55617.485
0.0018639897543031 0.0565911845430224 -4705 56101.096
0.00170880548939069 0.0535815803671622 -4976 56494.931
0.00172417697974968 0.054668366946338 -4369.1 56117.247
0.00179524630934996 0.0550583330075971 -4846 56299.041
0.00190379682218781 0.0569929704399735 -4390.6 55734.771
0.00183234643441415 0.0566724482048903 -4233 55870.246
0.00195284496186522 0.0568951280457643 -4625 55770.696
0.00169541188452886 0.0542579915735872 -4740 56389.97
0.0018824972025699 0.0566058238254773 -4570 55975.585
0.00170579092549815 0.0543657573421799 -4919 56409.092
0.00183926721138201 0.0560328546267962 -4509 56068.865
0.00188714472861784 0.0569183075794008 -4542 55864.636
0.00184466373204596 0.0562751987496214 -4311.5 55944.017
0.00162552898021622 0.0528840072173619 -5471 56592.237
0.00194905845205957 0.0571456213640736 -4253.1 55542.551
0.00188258837696283 0.0566119853137705 -4566 55973.244
0.00188225859861115 0.0569109678657174 -4624 55905.428
0.00185109797159945 0.0563503652770328 -4611 56101.423
0.00179524630934996 0.0550593395440357 -4662 56274.93
0.00195070468879787 0.057138163064978 -4228.7 55573.946
0.00172723370382045 0.0548586736549622 -4912 56360.221
0.00183947183081353 0.0560420336797088 -4569 56157.446
0.00171525762584926 0.0537479411728003 -5097 56491.361
0.0019497691699479 0.0571448754220613 -4230.3 55595.014
0.00165677895368908 0.053503116147471 -5295 56536.567
0.00167092764454175 0.0527167980967547 -5374 56577.127
0.00170396019406329 0.0535441696873128 -4959 56502.577
0.00161264076777229 0.052670308695369 -5357 56607.039
0.00181473718065328 0.0556849368096312 -4565 56199.691
0.00164511498978343 0.0533511630808574 -5414 56555.679
0.00179574239723552 0.0550838154426891 -4844 56296.26
0.00193937343008488 0.0570939899943273 -4372.7 55727.899
0.0017948083059413 0.0550831414410582 -4453 56141.83
0.00170417271287784 0.0535595801071192 -5008 56516.261
0.00181939395285634 0.0565395758277 -4307.6 55915.352
0.00167684259204276 0.0528521771305811 -5160 56551.16
0.0018824972025699 0.0566092926323265 -4421.5 55887.147
0.00177848555482164 0.0556684664575274 -4536 56171.79
0.00191898616389545 0.0568797292633935 -4539 55850.516
0.00178929913480887 0.0549894359981813 -4830 56322.597
0.00162552898021622 0.0528841320249815 -5474 56592.013
0.00187827033801451 0.0567871122485035 -4625 56021.626
0.00167224802046825 0.0526598480163132 -5384 56588.33
0.00167012099584823 0.0536199853978324 -4950 56507.481
0.0019419545722388 0.0570359803796452 -4403.4 55724.156
0.00194408724350772 0.0570711329169399 -4488 55785.029
0.00187919098385224 0.0566948250363842 -4438.7 55891.109
0.00173183756850506 0.0541404397193335 -4937 56438.323
0.00193937343008488 0.0570946795256653 -4302.8 55662.484
0.00167655461127313 0.0530307628975025 -5344 56567.585
0.00188766071911055 0.0560079553851517 -4752 55990.332
0.00172723370382045 0.0548586736549622 -4821 56357.316
0.0019527357259092 0.0568931557113508 -4623 55770.516
0.00184126107200368 0.0562729800264237 -4638 56116.613
0.00168299984379893 0.0531156352955324 -5335 56546.856
0.00176499392626643 0.0554374246505504 -4566 56253.675
0.00179263892113474 0.0553009340461505 -4448.7 56150.208
0.00183769599426274 0.0562221692695145 -4533 56061.832
0.00171131657210396 0.053676670626997 -4850 56478.739
0.00172854445629317 0.0548744685784891 -4734 56346.742
0.00173953372367162 0.0543313369499709 -4943 56420.692
0.00188518471270695 0.0567650387653039 -4498 55954.432
0.00193912736220281 0.0570835904918833 -4567 55839.772
0.00172780864993811 0.0539786676949726 -4790 56448.047
0.00194038690437256 0.0570962662020719 -4227.6 55610.448
0.00189911021219132 0.0570181150324126 -4233.7 55621.462
0.00183281974958964 0.0566888013175413 -4587 56064.83
0.00166890360829216 0.053599367683436 -4974 56512.998
0.00162644410888257 0.052907894483649 -5280 56587.477
0.0017125136299925 0.0544900833574837 -4820 56402.611
0.00163653577125545 0.0529444779824603 -5292 56569.687
0.0018328689453375 0.0567005414770903 -4305 55883.363
0.00188735920384576 0.0568989891698978 -4708 55889.235
0.00174891744306468 0.0544788682360405 -4863 56406.246
0.00174297141427176 0.0540759496669464 -4715 56416.696
0.00171346564777962 0.0537136734509869 -5140 56511.779
0.00175119144781468 0.0550985503414181 -4609 56258.677
0.00195000336837755 0.0571421105589344 -4590 55793.829
0.00183789829522969 0.0562225802900682 -4678 56159.415
0.00194930273066137 0.0571491972754673 -4330.3 55597.952
0.00167728337090715 0.0528775200687347 -5160 56549.261
0.00172444286932333 0.0549097375190979 -4417.4 56097.31
0.00177290731679049 0.0550169532399059 -4899 56342.613
0.00162971101259 0.0526688865791063 -5360 56600.862
0.00182478364015889 0.0566514024112755 -4233 55889.567
0.00171440195186749 0.053782317189848 -5118 56508.495
0.00174813672522541 0.0545584860039694 -4848 56389.217
0.00183657990948514 0.0559777373019895 -4488 56092.216
0.00168299984379893 0.0531157603132662 -5336 56546.635
0.0016954150489709 0.054264674874147 -4575 56305.091
0.00193937343008488 0.0570889610724253 -4587 55842.485
0.0019498712930664 0.0571426828764083 -4393.6 55657.831
0.00172657873163159 0.0538170620414929 -4737 56430.4
0.00195070230873088 0.0571355764234841 -4221.6 55560.996
0.00161911989570706 0.0524762337469673 -5435 56628.876
0.00163021054773382 0.0527022591046374 -5011 56566.264
0.00186758180665258 0.0570137618003064 -4590 55924.032
0.00170543078293014 0.0535644808977797 -5134 56527.381
0.00176274703942569 0.0546334377870103 -4867 56386.174
0.0016332051742686 0.0526969342818853 -5108 56577.512
0.00173686647541587 0.054193147203194 -4962 56421.541
0.00167065968153403 0.0536202815919432 -4884 56480.734
0.00188518246256619 0.0567636309855995 -4491 55944.975
0.00164651856434847 0.0533712178181413 -5407 56550.949
0.00170652371544845 0.053578823215516 -4982 56504.803
0.00168297828671589 0.0531107171925676 -5390 56550.894
0.00180584772222506 0.0554915049512956 -4670 56264.005
0.00176398806121429 0.0547700977798792 -4946 56372.101
0.00183776080496112 0.0559916043421571 -4531 56136.606
0.00175439626309144 0.0543761954831325 -5012 56417.476
0.00188008313484777 0.0567102160803687 -4549 55994.841
0.00174493681852359 0.0541536384842744 -4706 56410.93
0.00162561034891392 0.0529618261396607 -5053 56555.154
0.0016732924214856 0.0526683598880037 -5383 56580.139
0.00186747439937096 0.0570166325837032 -4402.3 55824.895
0.00183657990948514 0.0559772774502143 -4561 56167.25
0.00194905845205957 0.0571456227022901 -4378.3 55665.875
0.00162956664025197 0.0527086457630827 -5028 56541.512
0.00164191491803548 0.0532161779183885 -4921 56522.197
0.00183283742208507 0.0566895769655036 -4431.6 55965.955
0.00184903841207568 0.0564599081331443 -4538 56082.55
0.0017511341438095 0.0542065350235883 -4756 56389.436
0.00182386287021 0.056666725659106 -4600 56114.87
0.00186776705513099 0.0568247092757136 -4253 55868.288
0.0017625317537661 0.0546171479333504 -4855 56398.571
0.00174467194027311 0.0541032495737752 -4574 56297.234
0.00186961420854494 0.0570080063469215 -4511 55905.51
0.00188527493514898 0.0567689915015275 -4500 55957.685
0.00174488643990477 0.0541119906273421 -4833 56420.484
0.00195000336837755 0.0571420326909505 -4689 55805.319
0.00173310889854475 0.0541376905630839 -4886 56433.938
0.00164957745352123 0.053173001082758 -5157 56541.35
0.00193670018578116 0.0570270197349907 -4588 55874.756
0.0017625317537661 0.0546161763530126 -4756 56387.792
0.0016332051742686 0.0527008948409325 -4929 56556.085
0.00163635500157193 0.0529287948465611 -5109 56563.283
0.00176263659718162 0.0546318581630897 -4863 56395.415
0.00179803481548401 0.0559672788042088 -4737 56196.041
0.00178054664192062 0.0549575145980718 -4803 56346.126
0.0019134608062029 0.0567362477367035 -4790 55932.337
0.00193687667628446 0.0570896544637617 -4476 55776.463
0.001869983704094 0.0570087274050207 -4316.5 55719.315
0.00191239254681619 0.056952554876121 -4409 55791.675
0.00172199253045953 0.053875060198506 -4900 56479.535
0.00183283742208507 0.0566857896720177 -4445.9 55988.643
0.00193976384452254 0.0570884373302535 -4502 55785.219
0.00193675041966521 0.0570846424014319 -4538 55818.443
0.00193436326170348 0.0570095845325522 -4591 55887.148
0.00190342963130449 0.0570236601237809 -4403.8 55738.707
0.00173685738937153 0.0541923070757815 -4977 56442.271
0.0019024016956851 0.0570024803877439 -4405.1 55748.987
0.00171171377365519 0.0536670630153076 -4965 56488.374
0.00180097655351714 0.0562813058374974 -4656 56193.719
0.00194382378369402 0.0570989433991597 -4247.3 55603.19
0.00169454711993817 0.0542584732065362 -4942 56453.116
0.00179398105096131 0.0560781088951424 -4573 56207.895
0.0017363711871254 0.0542283786852441 -4827 56417.835
0.00193629618645861 0.0570880431399626 -4591 55878.25
0.0018886089200508 0.0565392895545421 -4597 55963.994
0.00170024073106234 0.0544066550367874 -4652 56339.97
0.00166904433122786 0.0538603076575624 -5117 56505.297
0.00183080228572894 0.0566473253767975 -4435.3 55988.04
0.00182466342476079 0.0566494364270555 -4232.8 55889.567
0.00194917067311114 0.0571404113228316 -4418.7 55667.861
0.00186996159544154 0.0570019363543426 -4321.4 55779.879
0.00184511594396078 0.0566661877712537 -4758 56064.491
0.00188311840000402 0.0567394654166424 -4757 56055.127
0.00194260700198616 0.0570759803208447 -4750 55852.047
0.00194395496886805 0.05710091512136 -4301.1 55638.517
0.00193871760909873 0.0570735655235834 -4367.4 55730.029
0.00176565152635141 0.0554447250878704 -4716 56274.87
0.00176521635830728 0.0549404421274926 -4970 56362.282
0.00194930273066137 0.0571471364829192 -4383.5 55658.457
0.00190263793066985 0.0570084891158563 -4412.5 55741.477
0.00194696019010717 0.0571437083553161 -4484 55776.604
0.00188427105740364 0.0567600904730177 -4309.3 55837.416
0.00182996442347857 0.0566836086656926 -4751 56128.593
0.001625296587093 0.0525320698710608 -5049 56585.859
0.00172199253045953 0.053875135228306 -4796 56467.046
0.00176613055554211 0.0549481239698936 -4876 56358.36
0.00187017142391388 0.0570127152615079 -4298.4 55716.91
0.00186764141052195 0.0568199526171705 -4390.2 55961.875
0.00163635500157193 0.0529293993079387 -5122 56560.003
0.00167219004278334 0.0537664051839267 -5006 56491.743
0.00186542794716526 0.0566423354850708 -4586 56089.573
0.00177003121865189 0.0550331402150737 -4825 56343.065
0.00176296160658651 0.0546669916936038 -4689 56370.935
0.00173236466534851 0.0542177181413549 -4963 56447.224
0.001942030199722 0.0570639929552668 -4533 55793.133
0.0017231825998317 0.0539023883421399 -4848 56463.649
0.00172220640414109 0.0538911163994028 -4838 56472.728
0.00194785176774619 0.0567594122985336 -4808 55837.629
0.00187017142391388 0.0570108541077463 -4384.1 55806.698
0.0019389636220141 0.0570740080341152 -4597 55864.528
0.00194872986466254 0.057101088059129 -4401.2 55700.378
0.00186776705513099 0.0568247092757136 -4255.8 55875.441
0.00163013274444312 0.0529192510460723 -5091 56554.065
0.00176274703942569 0.0546348494605688 -4688 56385.059
0.00189561010430352 0.0566903567086826 -4555 55960.391
0.00187451314978228 0.0570318757461755 -4309 55708.974
0.00190054553758147 0.0569654616424783 -4523 55845.646
0.00186797026916409 0.0568291160012996 -4494 55971.216
0.00183912609098073 0.0562121236984903 -4623 56174.198
0.00194914569533884 0.0571527148946128 -4431.1 55653.586
0.00182498594831844 0.0566584037481804 -4408.4 55993.497
0.00184706056259812 0.0563030554790984 -4648 56137.87
0.00187216168806343 0.0566028418259528 -4467.8 55896.681
0.00183091795770842 0.0566496579201357 -4614 56094.856
0.00169433616159551 0.0542424484745871 -4894 56455.601
0.00191257935917209 0.0567290636079564 -4606 55920.211
0.00194738852484771 0.0567510632418169 -4762 55836.409
0.00183320536775044 0.0568346241438562 -4410.6 55952.339
0.00161778242007049 0.052495929129868 -5433 56627.416
0.00187209489565338 0.0565979896263705 -4463.2 55896.993
0.00183269897596898 0.0567896746460103 -4515 56090.259
0.00189565481569437 0.0568624770042474 -4314.4 55738.376
0.00172919951833095 0.0540086322751492 -5022 56471.595
0.00190730287707755 0.0569964019917941 -4400.4 55819.497
0.00186807554248728 0.0568705666839516 -4284.8 55711.713
0.00194062545589425 0.0570092606440546 -4550 55796.619
0.00183748298953396 0.0568473324025952 -4257 55857.436
0.0019148056563448 0.0562477687892723 -4815 55909.835
0.00173642676777175 0.054184067273042 -4801 56417.99
0.00194945417648791 0.0571258531200278 -4229.2 55579.955
0.00177003121865189 0.0550331521855799 -4920 56342.256
0.00195070230873088 0.0571355764234841 -4222.6 55561.361
0.00169322081410342 0.0542137441265806 -4866 56453.827
0.00162968486684445 0.0527359891179593 -5499 56596.014
0.00160750705616644 0.0525517346312642 -5316 56625.555
0.0019366525698346 0.0570350873692749 -4449 55763.668
0.00187017142391388 0.0570067167646643 -4745 55937.877
0.00178504925711388 0.0558475060182794 -4662 56219.071
0.00177025030454598 0.0550494171588644 -4968 56340.031
0.0019498712930664 0.057141513899177 -4510 55718.311
0.00162444188484321 0.0528065120645663 -5123 56575.491
0.00191464943342182 0.0566237344746231 -4793 55927.354
0.00183777696506829 0.0568399388829953 -4464.4 55939.029
0.00172425709855018 0.0542375313843478 -4898 56457.235
0.00182250334187826 0.0564935278624764 -4507 56081.563
0.00173236466534851 0.0542179205312949 -5037 56431.104
0.00182042673699758 0.0565711046111698 -4407.9 56005.084
0.00191472887959989 0.0562427408583016 -4663 55902.898
0.00167256096575928 0.0537588748573061 -4956 56485.834
0.00173432328930546 0.0544585973289834 -4938 56427.681
0.00173002560326596 0.0550149640806847 -4926 56345.088
0.00172798683645343 0.0539924283605812 -5025 56484.198
0.00173621377342895 0.054170928135695 -4761 56410.501
0.00179298442451803 0.0560498585632221 -4565 56193.641
0.00183652393663855 0.0568037499353838 -4389.3 55961.533
0.00161710950635472 0.0524801548858425 -5279 56630.679
0.00176442417522119 0.0554185175845652 -4494 56117.941
0.00182678076600525 0.0558807925088997 -4723 56184.879
0.00173602107227922 0.0541631234724033 -4872 56424.196
0.00191343221136334 0.0567384577298905 -4793 55937.738
0.0019135851072186 0.0567330606127289 -4693 55908.15
0.00192035108868761 0.056584464049895 -4581 55865.562
0.00178139330568094 0.0550082032961333 -4602 56303.813
0.00163928335270866 0.0530494817009649 -5348 56563.235
0.00173411760402422 0.0544474743678697 -4807 56397.996
0.00194285742832572 0.0570771560697908 -4301.8 55641.011
0.0018680679757446 0.0569445566384098 -4748 55951.697
0.00193592210047596 0.0570293344538421 -4520 55843.299
0.00169574180523311 0.0543271300836801 -5093 56439.133
0.0019481572181145 0.057089394395128 -4222.7 55568.209
0.00178468754743551 0.0550549849371711 -4623 56328.016
0.00182574023528688 0.0566580399355557 -4404.6 56003.055
0.00173111728992176 0.055028671558986 -4932 56349.13
0.00192208192087417 0.0570064082735424 -4250 55681.232
0.00163653577125545 0.0529447001068299 -5395 56569.071
0.00194847227402036 0.0571465403286565 -4316.2 55589.235
0.00191389528467667 0.0567144052963317 -4693 55916.346
0.00172157880125108 0.0547744333020551 -5032 56372.96
0.00186447065585 0.0568492383192383 -4491 55894.029
0.00182255259510055 0.0565021514709169 -4512 56081.241
0.00193912736220281 0.0570850144524943 -4454 55772.091
0.00178249033331165 0.054766245285453 -4933 56333.547
0.00174451997556113 0.0545623423028785 -4964 56399.152
0.0019134608062029 0.0567364536502916 -4763 55924.299
0.00178331899436566 0.0551337801178015 -4495 56155.902
0.00165949801093417 0.053480667304954 -4897 56485.999
0.00177342126258459 0.0557153120424846 -4649 56235.997
0.00163273631068339 0.0527780521437778 -5138 56590.403
0.0019389636220141 0.057077081901385 -4529 55834.245
0.00183621956425275 0.0568556742479882 -4336.1 55868.102
0.00194930273066137 0.0571493589367681 -4360.7 55629.06
0.00190792617326367 0.0571491752382844 -4340.4 55665.755
0.00195190567047109 0.0568728322635493 -4577 55791.328
0.00176632472777874 0.0547218861997855 -4860 56354.552
0.00182852159483052 0.0565633771357175 -4388.1 55994.141
0.00182373204684059 0.0565311427915357 -4261.2 55896.604
0.00195070230873088 0.0571355764234841 -4227.7 55563.032
0.00176794642774604 0.0548040672246526 -4870 56363.261
0.00193885489778573 0.056976219408212 -4499 55800.174
0.001913335203661 0.0567326737332568 -4780 55931.735
0.00173122603745425 0.0540869289094017 -4973 56458.609
0.00191365529131725 0.056710667542275 -4690 55908.797
0.00182365855430311 0.056529273587003 -4381.4 55970.761
0.00165949801093417 0.0534806790267682 -4900 56485.788
0.00163009655157166 0.0528651546871059 -5149 56573.318
0.0019078078843538 0.0571409913417584 -4614 55821.688
0.00176542769845037 0.0554281933071316 -4709 56282.188
0.0019485333672755 0.057088729794456 -4224.5 55577.435
0.00182250334187826 0.0564930709396334 -4505 56078.517
0.00183220972543326 0.0567920981600559 -4342 55889.592
0.00190846585312288 0.0568283627129163 -4759 55923.484
0.00172920163738422 0.0540138689265029 -5015 56467.438
0.00162672656658415 0.0529433509500509 -5471 56587.716
0.00161710950635472 0.0524801548858425 -5187 56630.006
0.00180106637788099 0.0553783399586924 -4535 56163.093
0.0017485671956475 0.054744796169591 -4814 56347.368
0.00163022277083323 0.0531864957034526 -5115 56546.484
0.00194883613345441 0.0571429057743902 -4739 55821.256
0.00175379199934441 0.0547562100210109 -4983 56382.486
0.00189565481569437 0.0568571129090856 -4523 55918.226
0.0018297170583727 0.0567327058892415 -4244.3 55860.06
0.00162684042208927 0.0528995271417986 -5213 56582.609
0.00175278395304371 0.0547139969205394 -4947 56382.192
0.00182863727145474 0.0565653438496765 -4437.7 55998.239
0.001934887290119 0.0569970370147246 -4222.8 55629.043
0.00161778242007049 0.0524959292862587 -5432 56627.362
0.00177163305127362 0.0544201266055791 -4902 56357.833
0.00190420387390494 0.05712221195346 -4569 55790.93
0.00176163533040889 0.0553263111391997 -4742 56292.425
0.00193884641393726 0.0570749248799412 -4489 55830.4
0.00163215129065744 0.0527707092361686 -5297 56593.14
0.00186567759666101 0.0567888749934397 -4328.5 55887.393
0.0017300130933026 0.0540500642285967 -4923 56460.16
0.00183239581160844 0.0567308936083944 -4234.1 55855.72
0.00177046879005088 0.055053454597145 -4920 56339.271
0.00173122603745425 0.0540869289094017 -4972 56455
0.00182863727145474 0.0565653438496765 -4388.2 55994.141
0.00195084026984537 0.0571391803529907 -4309.1 55627.408
0.00185221326073658 0.0562181832363956 -4630 56137.805
0.00176151982039366 0.0553266740595942 -4695 56279.57
0.00183259323301224 0.0567380991330058 -4345.3 55940.062
0.00184168657555296 0.0562151567182885 -4736 56153.384
0.00179932606285384 0.0553540607269638 -4679 56274.35
0.00163635500157193 0.0529302218139709 -5045 56549.302
0.00178088543991658 0.0550198848278453 -4604 56308.43
0.00182980342080315 0.0567380794515795 -4326.4 55899.729
0.00174663291425277 0.0539784001240479 -4992 56429.762
0.00192397447703106 0.056936484644977 -4498 55847.556
0.0017687770138846 0.0550475664472879 -4934 56340.827
0.00163520238548616 0.0528037727125622 -5223 56592.946
0.00193803481710789 0.0570839960637667 -4478 55837.761
0.00186192846087357 0.0568628205369603 -4511 55917.197
0.00161542634375606 0.0526158086399587 -5241 56613.849
0.00163503459681849 0.0529758523286973 -5457 56580.78
0.00174745154277831 0.0551120888712887 -4793 56312.984
0.00194914569533884 0.0571501142881455 -4361.1 55592.407
0.00195094932042387 0.0571408262320474 -4291.3 55617.02
0.00163635641946411 0.0528650915052205 -5201 56589.96
0.00186192846087357 0.0568641072600016 -4527 55922.962
0.00164015711775282 0.0530424555689046 -5347 56563.928
0.00179310016640567 0.0552711072447233 -4704 56287.122
0.00189543656380965 0.0568552480087649 -4251.5 55718.762
0.00183120462566931 0.0567069067520979 -4752 56117.535
0.00164230793295702 0.0532045309005211 -5135 56554.581
0.00192550242717457 0.0566284519241493 -4581 55854.915
0.00179331134363287 0.0557761030347152 -4670 56211.24
0.00171649392267711 0.0546976892125706 -4905 56372.864
0.00177069655174273 0.0550715527715834 -4823 56334.755
0.00183322939681397 0.0561686847628993 -4282.3 55915.506
0.00181862507411475 0.0557750550443399 -4622 56220.169
0.00195070230873088 0.0571351932934831 -4225.5 55574.903
0.00162387991207577 0.0528239014363706 -5091 56576.888
0.00182606757257444 0.0564953063419782 -4232 55891.057
0.00181401966205322 0.0562259482255175 -4546 56127.206
0.00189552911203458 0.0568553170381362 -4579 55948.992
0.00186559636950247 0.0567798004996489 -4460.9 55982.922
0.00165458294727891 0.0532515672241494 -5317 56542.289
0.00163022277083323 0.0531873598774955 -5048 56545.701
0.00169809225824028 0.054389194873652 -4562 56271.659
0.00185196330503872 0.0561798646341872 -4397 55984.05
0.00164230793295702 0.0532047188209068 -5133 56548.166
0.00161711160093731 0.0524786900678505 -5353 56622.236
0.00169885010294023 0.0543638676319666 -4943 56435.695
0.00162442280192689 0.0528252190554104 -5091 56573.157
0.00185937586198084 0.0568016893688641 -4251.4 55768.82
0.00181614265290445 0.0562221345954032 -4544 56122.98
0.00183259590948754 0.0567294691694424 -4688 56116.065
0.00179415189705987 0.0552982549359334 -4703 56283.518
0.00164117290349229 0.0529765728207849 -4905 56534.112
0.00184243608499228 0.0567824622222218 -4705 56053.487
0.00164618421442724 0.0530260450599333 -4894 56518.776
0.00169881436468565 0.0543795405255752 -4910 56429.647
0.00184882840600884 0.0561393616794847 -4644 56159.962
0.00177137388594772 0.0543924645940522 -5005 56361.873
0.00183239581160844 0.0567299168061787 -4421.9 55963.211
0.00184810221952606 0.0562043095234103 -4547 56147.956
0.00178645207733563 0.0558614984029279 -4620 56217.919
0.00192016167967104 0.0564078292220376 -4806 55899.974
0.00194914569533884 0.0571527148946128 -4432.4 55655.537
0.00184999685356366 0.0561661057269421 -4567 56093.288
0.00178570982228588 0.0558529307551831 -4450 56075.248
0.00163630805068702 0.0530082598327019 -5400 56580.342
0.0019505845484411 0.0571282316485891 -4681 55777.93
0.00161543396484419 0.052619638900574 -5297 56613.802
0.0019495237270188 0.0571061891717061 -4434.9 55748.334
0.00179091194376596 0.0551117755424187 -4701 56288.175
0.00185081649370726 0.0562322145120614 -4268.9 55911.088
0.0019424935871755 0.0570634811596929 -4578 55841.99
0.00180797289078798 0.0556777573993633 -4375.4 56044.212
0.00184504237571565 0.0561723223099624 -4547 56156.449
0.00195025713229358 0.0571379692323544 -4464 55761.329
0.0018909884689776 0.0567660260154252 -4247.9 55746.333
0.00188876434300271 0.0569838926157659 -4353.6 55728.638
0.00171801008267826 0.0546973700319304 -4871 56380.087
0.00173101007818268 0.0540691190995786 -4820 56442.21
0.00178360379621784 0.0557878783734988 -4629 56228.836
0.0019505845484411 0.0571257899306604 -4744 55821.183
0.00182832532768948 0.0565553645734467 -4411.1 56006.833
0.00179111164183951 0.0551191988343894 -4706 56303.935
0.00182843654315542 0.0566201256781185 -4590 56092.607
0.0017572771280313 0.0546108419847705 -4507 56215.837
0.00194905845205957 0.0571407986024376 -4475 55680.586
0.00161778242007049 0.0524960534965536 -5433 56627.151
0.0018043866951251 0.0556355494835632 -4599 56245.805
0.00184810405315001 0.0562113551899463 -4312.6 55958.76
0.00184243608499228 0.0567806976498412 -4714 56054.962
0.001938400893762 0.0570070897188135 -4561 55843.368
0.00165357681241007 0.0534162802048649 -4955 56508.563
0.00163984373190907 0.0531207995311893 -5446 56565.242
0.00183864325826586 0.0560888797764804 -4573 56170.27
0.00164230793295702 0.0532046022151408 -5131 56548.416
0.0019495451671259 0.0571328247179086 -4749 55829.022
0.00160778771091524 0.0525572734781411 -5313 56624.645
0.00182430556456587 0.0566631235810344 -4418.7 55984.049
0.00175918111799476 0.0546564354306605 -4519 56205.953
0.00180260929621489 0.0556182055390409 -4447 56094.09
0.00165972148745268 0.0535837317760587 -4927 56496.962
0.00184896064550557 0.0562096791879619 -4550 56155.184
0.00194377904509249 0.0569874194705595 -4541 55823.449
0.0018909849668352 0.0567637144743837 -4246.3 55754.56
0.00195000391181858 0.0571346932958954 -4459 55766.924
0.00164700099631341 0.0533972199391074 -5271 56530.489
0.00181970517856165 0.0565207098449196 -4616 56137.439
0.00166509206596536 0.0527639464372178 -5363 56581.538
0.00173101007818268 0.0540716636046915 -4909 56448.043
0.00162985273602253 0.0530730611581373 -5390 56568.97
0.00162968486684445 0.0527384756885091 -5406 56594.435
0.00161710950635472 0.0524808070694298 -5258 56627.409
0.0018865548699031 0.0569782008325452 -4346 55710.399
0.00195070230873088 0.0571354405767125 -4228.2 55577.7
0.00189057625957292 0.0567808672468006 -4251.7 55730.077
0.00183580937078308 0.056764898339741 -4770 56100.462
0.0016255513531 0.0528821275330333 -5065 56572.658
0.00177005221224626 0.0543826865393209 -4945 56369.536
0.00179111164183951 0.0551197637038643 -4806 56303.63
0.00182638487796973 0.0557969697665466 -4709 56226.661
0.00182615293808196 0.0565007231774083 -4318.8 55937.881
0.00184527043012003 0.0561690869998429 -4317.4 55967.928
0.00174296267646707 0.0539230361242321 -5059 56437.479
0.00194735943290456 0.0571107121805756 -4544 55779.404
0.00180593652212433 0.0563834947455131 -4618 56156.889
0.00161074201482604 0.0526527686452609 -5350 56616.318
0.00181970749806439 0.0565239924168121 -4581 56110.909
0.00174752738896297 0.0539747831359158 -4975 56432.922
0.00176018565626237 0.0546544766533243 -4519 56198.604
0.0016255513531 0.0528807788685059 -5039 56570.623
0.00180982329500619 0.0557797019556339 -4450 56068.634
0.00175375817263891 0.054630930973271 -4525 56218.153
0.00174642502411103 0.0543663159143198 -4838 56404.597
0.00163138548500238 0.0529147811506268 -5068 56552.566
0.0016457928168012 0.0530620788076229 -5084 56547.202
0.0018043866951251 0.0556355615587325 -4600 56245.582
0.00181661014005658 0.0564435363018618 -4710 56148.75
0.00194905845205957 0.057146181048873 -4356.3 55626.221
0.00175940116013307 0.0546683890255218 -4758 56342.855
0.00189503423165908 0.0569410595058658 -4294.3 55790.536
0.00165090384916398 0.0533795496142301 -4960 56525.016
0.00174620828152142 0.0543540680502067 -4783 56390.428
0.00178652397765221 0.0550836552212139 -4745 56316.894
0.00164274825395319 0.0529173368144559 -5192 56558.694
0.00194918517647739 0.0571454007915677 -4604 55733.47
0.0019380291512998 0.0569975426881846 -4563 55847.149
0.00177041416444694 0.0544282924754868 -5027 56369.82
0.00175337187291951 0.0540633201694104 -4943 56411.834
0.00163320561247147 0.0528850653406774 -5150 56587.175
0.00186076515858199 0.0564107059905561 -4253.3 55903.962
0.00190643614246329 0.0570528925912301 -4305.7 55666.284
0.00176006414433084 0.0546638177537636 -4521 56212.477
0.00194747828553212 0.0571158866663524 -4448 55740.759
0.00178486973228008 0.0557665484043264 -4245.1 55971.932
0.00179315422993658 0.0553532525076625 -4463 56133.35
0.00177668384868801 0.05460290579973 -4994 56350.441
0.00174892847511738 0.0539875493457545 -4975 56422.556
0.00191411653270345 0.0567576986673303 -4637 55895.546
0.00194773375550749 0.0570960570476079 -4593 55819.178
0.00186108289424197 0.0564166206898177 -4286.3 55917.937
0.00163233876930445 0.0529137015260793 -5070 56572.847
0.00161901336727798 0.0525355042489114 -5200 56612.042
0.00175881575922139 0.0546874431442119 -4533 56214.686
0.00165264937563248 0.053140467587171 -5106 56553.423
0.0017774537771166 0.0550312364742376 -4842 56329.676
0.00176948768289897 0.0549432630808265 -4596 56240.274
0.00179149237342043 0.0548305823620831 -5041 56316.274
0.00195084026984537 0.0571368290865472 -4366.9 55678.242
0.00164662561858999 0.0531449846758068 -5104 56545.252
0.00163459555847094 0.0532020867012195 -5330 56558.261
0.00175433147359869 0.0540405671982331 -4989 56415.772
0.00166630252581835 0.0533604972504351 -5104 56519.333
0.00194540977565902 0.0570401023575926 -4459 55773.078
0.00180845101655845 0.0561690039142879 -4297 55950.405
0.0018092729854619 0.0561847934628893 -4269.5 55932.049
0.00177077364451652 0.0545166003403561 -5008 56352.36
0.00175472305283737 0.054181012512925 -5067 56405.731
0.00195041524819247 0.0571260425217844 -4658 55818.769
0.00175918111799476 0.0546549506245213 -4628 56331.985
0.00194905614995714 0.0571416142054398 -4501 55735.151
0.00180673847937759 0.0562156184470629 -4655 56164.523
0.00162124204891989 0.052583115846935 -5259 56621.748
0.0016639569054613 0.0527173507395255 -5407 56584.437
0.0018092729854619 0.0561838989447601 -4344.9 55981.58
0.00182486785589006 0.0559964622147275 -4415.5 56064.23
0.00180628684445037 0.0561288751877476 -4300.7 55956.464
0.00165427210075866 0.0531335760664116 -5023 56540.579
0.00181780747522693 0.0563807227537955 -4695 56139.214
0.0018043704757612 0.055668044665896 -4450 56092.47
0.00173692058340302 0.0538131716325253 -5216 56458.297
0.00175273631761946 0.0541095947702614 -4957 56419.005
0.00179246623416982 0.055188845266757 -4803 56297.218
0.00191144238587937 0.0571177119487106 -4436 55722.018
0.00194905614995714 0.0571427349066877 -4427.4 55673.373
0.0018038660326972 0.0561555559571604 -4431.6 56069.849
0.00195094666676713 0.0571334335914681 -4513 55764.506
0.00191120610591536 0.0563357491801661 -4745 55924.25
0.00162144669048617 0.0525990386552353 -5370 56619.482
0.00172828773883415 0.0539994306349734 -4989 56462.829
0.00173678970003738 0.0538076326952099 -5180 56456.695
0.00194890151784422 0.0571124781987892 -4455 55747.241
0.00163672827313941 0.053001828936953 -5401 56575.577
0.00195094932042387 0.0571420336186151 -4231.7 55562.438
0.00173692058340302 0.0538154448572237 -5170 56445.696
0.00183424690530435 0.0567042825784356 -4637 56073.225
0.00194914569533884 0.0571527148946128 -4435 55655.582
0.00182465704085271 0.0566712568685689 -4266.4 55886.619
0.00195070230873088 0.0571353629752406 -4238.6 55579.759
0.00190834017010332 0.0571063905736991 -4310.4 55654.607
0.00176562363225905 0.0546939811516381 -4441 56173.482
0.00187314404041624 0.056603088933758 -4738 56081
0.00195070230873088 0.0571337191840274 -4352 55657.527
0.00179246623416982 0.0551924324851642 -4539 56233.566
0.00195283750438611 0.0568933710434448 -4570 55701.948
0.0017389504457798 0.0538365295050203 -5114 56445.69
0.00195094932042387 0.0571359367419985 -4521 55762.88
0.00189988180454011 0.0570360757283289 -4460 55789.486
0.0018235282683048 0.0565889058710004 -4239.6 55893.535
0.00188681542071666 0.056673514890391 -4625 55974.52
0.0018880418968768 0.056903722315582 -4329.6 55802.611
0.00192929160209129 0.0566765359272318 -4270.2 55631.692
0.00180349948283628 0.0556188453529105 -4533 56153.639
0.00163281052929429 0.05286791845187 -5291 56590.883
0.00188983992373154 0.0567482798018478 -4710 55964.998
0.00165360100745596 0.0535711087897766 -5129 56517.319
0.00182689142482585 0.0566997453667254 -4260.7 55877.382
0.00174722401125077 0.0539860352374913 -5136 56431.773
0.00182327624049205 0.0564227904615916 -4785 56141.835
0.001636524946482 0.052990573329769 -5487 56580.815
0.00188636710837998 0.0566940812894094 -4259.8 55758.127
0.0019008399603536 0.0571120267843262 -4439 55734.412
0.00190085895500656 0.0571097899126872 -4612 55796.062
0.00178720205302072 0.0552114846016709 -4382.5 56049.124
0.00188485577052663 0.0570458273504835 -4308.2 55701.595
0.00185455001009845 0.0563138848200686 -4330.9 55945.198
0.00194505197743539 0.0570825835070298 -4304.5 55643.009
0.00167228131252059 0.0528715703760388 -5266 56560.839
0.00178304123783525 0.0551383952016074 -4382.5 56060.593
0.00181590515240015 0.0565203376556626 -4734 56142.918
0.00161104010465837 0.0526546197303811 -5315 56611.98
0.00163056945387688 0.0527073145148916 -5396 56608.32
0.00189941913448685 0.0569416271183381 -4401.5 55826.387
0.00182348878636924 0.0565917158908141 -4271.6 55913.46
0.00164628343557079 0.0532810320787903 -5298 56548.97
0.0018092729854619 0.0561806331498862 -4327.6 55976.329
0.00182305571683335 0.0564271982406492 -4228.7 55871.095
0.00161104010465837 0.0526546197303811 -5315 56611.98
0.00195084026984537 0.0571398416415612 -4250.6 55583.702
0.00194905614995714 0.0571436897916573 -4351.5 55651.374
0.00163652275572605 0.0529889998443463 -5295 56579.531
0.00192480071684575 0.056672171328168 -4277.3 55639.744
0.00180259662053394 0.0555776564631166 -4542 56160.912
0.00185409142173766 0.0564084702576845 -4462 56054.252
0.00181562933312304 0.0564981829045192 -4742 56154.114
0.00179682661285444 0.0555181508955142 -4551 56174.214
0.00180628224755077 0.0561481967550968 -4343.1 55985.5
0.00172867206579309 0.0539753949469979 -4887 56445.075
0.00163652275572605 0.0529889998443463 -5292 56578.896
0.00182290951724131 0.0565400545691451 -4641 56117.728
0.0016472779530979 0.0533292067027467 -5114 56541.45
0.00195195835020576 0.0568534630242372 -4721 55831.043
0.00187547900762607 0.0568144068438671 -4752 55954.983
0.00179197851517301 0.0554210021625603 -4552 56180.46
0.00191359676090719 0.0569232411294518 -4342.6 55746.601
0.00176355369910864 0.0542065291453563 -4998 56386.092
0.00193175041473944 0.0569763459823919 -4468 55789.01
0.00181289035905576 0.0565014925330916 -4741 56154.87
0.00182381157376461 0.0566406386367096 -4706 56124.855
0.0018235282683048 0.0565823500221737 -4731 56135.492
0.00160669520752103 0.0525554396048833 -5379 56628.528
0.00181288003760293 0.0555192722062352 -4487 56095.424
0.0018235282683048 0.0565881806944823 -4316.3 55917.479
0.00179970319217693 0.0554860818047446 -4552 56168.986
0.00181589144888652 0.05634798217016 -4298.5 55955.115
0.00195070230873088 0.0571326102077292 -4454 55729.709
0.00183217176824894 0.0556849017473507 -4724 56182.255
0.00188381471843874 0.0566196606474505 -4258.1 55767.021
0.00194503162105292 0.0570744310632312 -4249.9 55595.682
0.00180208654002474 0.0563195176176339 -4290.8 55960.84
0.00190564853896039 0.0568043874087019 -4638 55924.618
0.00194505197743539 0.0570805653988088 -4376.7 55708.015
0.00163219792574442 0.0527027802822436 -5292 56594.035
0.00190061567133838 0.057115987117668 -4458 55756.902
0.00160669327627086 0.0525517346312642 -5316 56629.691
0.00177529347541338 0.0549039332462132 -4918 56350.333
0.00163309383532376 0.052715644414261 -5381 56598.743
0.00163766972129516 0.0531176083372591 -5420 56566.41
0.00163472650993244 0.0530435978600967 -5423 56575.718
0.00175194946753747 0.0545047577119762 -4363.7 56130.06
0.00164757641022245 0.0533368021675354 -5200 56535.16
0.00180282151648584 0.0555904754939894 -4529 56136.542
0.00162236919722831 0.052593815494879 -5349 56616.377
0.00184610586381977 0.0563621028991426 -4710 56124.485
0.00191467158365191 0.0569315920396515 -4342.6 55744.888
0.00176279955390465 0.0546724329989073 -5043 56379.515
0.00174288817242232 0.0543606050073558 -4822 56393.325
0.00190059383587664 0.0571144441839881 -4500 55777.832
0.00178065617598013 0.0552101030226591 -4544 56167.426
0.00165569879835126 0.0531957774477565 -5232 56543.228
0.0018011770681826 0.0555705994161243 -4515 56139.366
0.00173689885982917 0.053811887506666 -5107 56452.643
0.00181196601030611 0.0556257939207665 -4630 56243.918
0.00188435784266697 0.0570364812093046 -4334.2 55729.681
0.00185302885601697 0.0564775920421865 -4249.7 55904.538
0.00163766972129516 0.0531174837755445 -5417 56566.62
0.00190059383587664 0.0571145081809308 -4397.4 55713.549
0.00165687250761567 0.0532262274062188 -5201 56537.253
0.00166265759511461 0.0533735670614133 -5102 56528.973
0.00163746443315614 0.053103137692703 -5449 56566.713
0.00179082170069462 0.0558243141594396 -4755 56224.694
0.00182401961496817 0.0558153648681692 -4757 56235.598
0.00178065617598013 0.0552110886020237 -4420.1 56075.442
0.00162767439007133 0.052616812503524 -5375 56610.245
0.00179477993304391 0.0553700551245166 -4879 56297.377
0.00194692471272545 0.0568958818911409 -4267 55615.745
0.0017415312624298 0.0541418761933915 -4971 56439.956
0.00176395819955091 0.0546817206577803 -5020 56379.18
0.001624535164785 0.0526616783929813 -5257 56610.577
0.00166247225214392 0.0533615012567844 -4987 56530.278
0.0019427795124175 0.0570932743268272 -4309.7 55668.956
0.00181889523451733 0.0565098256262241 -4790 56138.23
0.00181017455814275 0.0555982819484736 -4589 56228.968
0.0017581671612456 0.0542727027229435 -4882 56404.499
0.0018057983043282 0.0564442043450117 -4275.6 55918.408
0.00194691845370812 0.0571404948251881 -4288.9 55621.073
0.00161778242007049 0.0524958548991629 -5429 56627.9
0.00166247225214392 0.0533615012567844 -4983 56527.606
0.00190059383587664 0.0571135873975463 -4518 55781.736
0.00182045729983176 0.0562359051015187 -4305.4 55932.223
0.00195284496186522 0.0568922459257087 -4567 55742.15
0.00162701070090092 0.0525899653725976 -5344 56613.082
0.00177873201473906 0.055655471257033 -4724 56253.976
0.00188464505585142 0.057037570595263 -4323.3 55729.664
0.00195145591455035 0.0568783026818824 -4481 55715.704
0.00163738337467199 0.0532341017638648 -5220 56546.436
0.00178065617598013 0.0552101150736798 -4546 56167.218
0.00163860272209212 0.0528736426312293 -5458 56583.214
0.00177764874366901 0.0555002139340574 -4587 56212.728
0.00179441521937935 0.0553149038799652 -4820 56307.371
0.00162612280521083 0.0525847076239934 -5232 56621.355
0.00175091941107383 0.0540820966488798 -4986 56422.208
0.00163746443315614 0.0531028792753192 -5451 56570.002
0.00181769480897227 0.0565130071922478 -4465 56065.937
0.00185628682155588 0.0565375976420423 -4565 56078.236
0.00195163832470003 0.0568890552372648 -4318.5 55638.788
0.00179699862200842 0.0555096846163601 -4504 56125.321
0.00165674238733998 0.0535099429977224 -5074 56516.51
0.00161711160093731 0.0524813768355867 -5421 56633.689
0.00162936039201466 0.0527499787598783 -5271 56606.085
0.00190681747571203 0.0564688367251803 -4810 55988.415
0.00163203213521229 0.0527268055431922 -5243 56594.982
0.00175802850054836 0.0545050416306453 -4374.7 56103.246
0.00163215377634552 0.0527930901632173 -5172 56590.198
0.00163738337467199 0.0532341017638648 -5320 56550.933
0.00182033697530407 0.0565248253237151 -4599 56118.481
0.00162701070090092 0.052589841470657 -5340 56617.875
0.00162859788501158 0.052597463769994 -5186 56607.871
0.00194816958999853 0.0568148452037817 -4399 55737.027
0.00174883108381415 0.0541972942357423 -4979 56413.054
0.00161962109434381 0.052520589155054 -5461 56625.975
0.00187184071343988 0.0568246051070536 -4523 56036.31
0.00185661350160056 0.0565424546760848 -4649 56092.376
0.00181448160019062 0.0555458375067906 -4482 56095.13
0.00179006551492045 0.0552829359832806 -4820 56310.255
0.00175195163618056 0.0545056380079531 -4829 56388.905
0.00195304750263652 0.0569003421513709 -4263.3 55599.664
0.00195283750438611 0.0568924128319578 -4413.8 55712.235
0.00160925971445004 0.0526091714171046 -5309 56623.999
0.00162936039201466 0.0527501033122409 -5272 56605.862
0.00175262694498768 0.0544966923146779 -4594 56268.476
0.00163474167764951 0.0530377182769129 -4863 56491.001
0.00163746443315614 0.0531030039058307 -5425 56568.041
0.00171612721434046 0.0538879851020936 -5012 56484.197
0.00162936039201466 0.0527499787598783 -5271 56606.085
0.0017581671612456 0.0542727027229435 -4834 56396.422
0.00174061930062198 0.0538554065105135 -5094 56441.069
0.00183217158234013 0.0561794202727926 -4465 56071.549
0.00181678609460099 0.0564910309975909 -4787 56140.718
0.00175114050364756 0.0540979493585809 -5087 56422.442
0.00163357564052189 0.0527683122356203 -5498 56593.665
0.00162915669496532 0.0527328792983617 -5382 56606.123
0.001820241860972 0.0562406704067518 -4307.7 55932.441
0.00185277950607661 0.0565186008433119 -4411.7 56049.697
0.00194660866020985 0.0567607744246561 -4342 55699.179
0.00175692450545605 0.0546150828474663 -4541 56264.634
0.00187846556198602 0.0566089594218878 -4707 56035.867
0.00164501500168725 0.0529694924545935 -5218 56567.509
0.00194930273066137 0.0571434421072902 -4692 55819.72
0.00188325044977226 0.0561750479392055 -4799 56024.603
0.00195283750438611 0.0568957105732599 -4258.3 55610.678
0.0017454945149879 0.0543746875453459 -4396.8 56150.405
0.00190715284235817 0.0564842658935877 -4619 55921.162
0.00175169870161452 0.054492493092571 -4493 56243.597
0.00162967205273488 0.0526215208182939 -5340 56605.953
0.00181789578806227 0.0565193897191512 -4501 56118.011
0.00175637964604945 0.0542256881148512 -4835 56398.805
0.00183693812907395 0.0562409850600409 -4676 56157.989
0.00164959599019212 0.0533150287187613 -5301 56541.374
0.00162915669496532 0.0527330949119186 -5419 56617.97
0.00185414380355145 0.0561822744245199 -4308.7 55936.91
0.00184385890535001 0.0566164409145545 -4321.7 55900.428
0.00187427207723926 0.0563838612377479 -4283.9 55767.822
0.00162967205273488 0.0526208603603421 -5243 56601.88
0.00178425822919891 0.0551382555413849 -4819 56322.146
0.00185139212460574 0.0564285068780312 -4664 56109.227
0.00175091941107383 0.0540820966488798 -4983 56420.701
0.00174787883185812 0.0543730226830172 -4395.8 56142.345
0.00188841307519647 0.0566529221632705 -4713 55980.348
0.00187793340144184 0.0566001450847748 -4713 56036.558
0.00193079854005888 0.0570651925635665 -4244.9 55619.085
0.00182031206881131 0.0562455317796991 -4353.9 55949.498
0.00189393537890142 0.0567617156618418 -4716 55966.724
0.00175969353690134 0.0547508631632877 -4846 56371.706
0.00186617334554321 0.0563012754743283 -4667 56087.971
0.00162946941172754 0.0526049467015297 -5437 56616.376
0.00183030125252938 0.0556449529620586 -4755 56197.312
0.00163612827207699 0.0528070991009825 -5340 56589.974
0.00194905614995714 0.0571359793962882 -4709 55826.486
0.00174420883472553 0.0543431495487947 -4734 56385.291
0.0016293580482725 0.0527487562893773 -5118 56601.837
0.00164215861263752 0.0529440428817085 -4689 56388.949
0.00175091941107383 0.0540817511025235 -4917 56414.422
0.00162956697655502 0.0527449602451323 -5224 56603.155
0.00163746443315614 0.0531011290703704 -5365 56568.638
0.00164216102582397 0.0529429103235861 -5163 56574.873
0.00181757013713928 0.0565110959752009 -4307.7 55936.669
0.00174316408561215 0.0543648899867909 -4575 56289.972
0.00194631354137417 0.0568364677653549 -4319.7 55649.652
0.00186578813542215 0.0563111074831101 -4719 56115.17
0.00186763208705799 0.0562830944868922 -4310.8 55896.677
0.00164388876727868 0.0532056827511637 -5267 56542.334
0.001947138489528 0.0567916825612556 -4754 55851.678
0.00163150536726339 0.0526785677240309 -5242 56597.137
0.00187087712542887 0.0567657796521344 -4519 56046.567
0.00174480241778829 0.0543842250722055 -4583 56296.342
0.00195100925923165 0.056903701902705 -4605 55797.064
0.00195304750263652 0.0569002652063925 -4264.2 55613.964
0.00163379328419798 0.0527830669088471 -5468 56593.437
0.00195066705632529 0.056891070838689 -4559 55809.884
0.00191016312554671 0.056536282027757 -4750 55985.828
0.00163286668399918 0.0526629336520259 -5086 56594.791
0.00163150166034536 0.052654803006898 -5388 56606.325
0.00175698563436715 0.054479415716354 -4531 56254.405
0.00193409609619586 0.0566569467233537 -4291.4 55666.991
0.00194731383061513 0.0567948125980723 -4749 55837.793
0.00184154372441942 0.0565888422661581 -4442.9 56007.88
0.00180295520959189 0.0562506425341267 -4687 56161.545
0.00181692317715352 0.0564789420077814 -4354.2 55997.628
0.00175240899223794 0.0540976634186189 -4961 56419.268
0.00176394840745731 0.0543294212130176 -4984 56384.018
0.00194914569533884 0.0571530740356659 -4387.8 55641.199
0.00172790700325862 0.0542428719388573 -4989 56443.606
0.00195100925923165 0.0569034765757645 -4603 55809.163
0.00168249649773992 0.0528099594635118 -5051 56570.816
0.00174305422959356 0.0543650611119953 -4473 56215.417
0.00174435358064161 0.0543436645353424 -4556 56283.067
0.00179282682979566 0.0552954267432036 -4635 56274.841
0.00175775600081876 0.0545080807550539 -4415.2 56101.735
0.00163150166034536 0.052654926717142 -5391 56606.114
0.00178472969019032 0.0551382555413849 -4819 56320.017
0.001868439361734 0.0566185769145225 -4266.8 55825.961
0.00178445751832158 0.0551477229781245 -4637 56301.189
0.00190654544131322 0.0564851508511339 -4623 55922.958
0.00195081665213594 0.0571361187376824 -4492 55695.149
0.00194914569533884 0.0571530740356659 -4387.8 55641.199
0.00187108642436942 0.0566242627672215 -4315.3 55871.69
0.0017606618510345 0.054580419512129 -4372.9 56076.33
0.00168946509108273 0.0532738454500169 -5284 56527.957
0.00172804031139885 0.054145114719247 -4869 56455.876
0.0016352995260275 0.0527192868986273 -5399 56596.834
0.00187440359189967 0.0565745110728916 -4649 56026.607
0.00184183083573746 0.0565594492393328 -4337.1 55934.775
0.00187120109396175 0.0566215473007556 -4448.9 55969.707
0.00179758800057691 0.0553687427617339 -4654 56265.362
0.00181099226177303 0.0563274703605964 -4461 56088.238
0.00174751030624128 0.0545525172798394 -4890 56408.773
0.00190985580512626 0.0565305974283721 -4859 55987.312
0.00191404604310289 0.0567878468337252 -4489 55856.673
0.00161935914747129 0.0524703594577718 -5114 56619.446
0.00178965068715145 0.0552744339667192 -4685 56308.354
0.00195094932042387 0.0571435514613511 -4259.7 55593.581
0.0016474378442533 0.0530390510792791 -5163 56556.986
0.00195289106695841 0.056904378658277 -4380.7 55690.634
0.00176488945571586 0.0543653534118802 -4944 56383.549
0.00174293529814894 0.0543504504555488 -4469 56239.79
0.00188471221683026 0.05671990493674 -4632 56002.734
0.00175630677266925 0.054544451991332 -4475 56207.252
0.00175854155317451 0.0545232203562829 -4486 56191.916
0.00189352846126947 0.0565821883792688 -4710 55965.659
0.00187463726023008 0.0565819973521827 -4400 55904.349
0.00178192749641151 0.0547140545089681 -4956 56335.702
0.001795011904908 0.0561296688207833 -4698 56224.018
0.00161936641578322 0.0524702383670331 -5410 56634.119
0.00174315253063446 0.0542369869326502 -4440.2 56181.02
0.00195070230873088 0.0571334846327982 -4357.3 55664.144
0.00179112695941528 0.0552490811812088 -4534 56162.115
0.00180688200059508 0.0551972850824204 -4689 56287.16
0.00174282756337833 0.0543494446304942 -4829 56415.531
0.00194600282688954 0.0570626555483464 -4317.3 55636.015
0.00164866539318306 0.0530076243122574 -4962 56537.714
0.00172790700325862 0.0542427980320991 -4992 56443.776
0.00187488561599884 0.0566484839241043 -4366.5 55856.925
0.00194914569533884 0.0571530740356659 -4400.9 55651.398
0.00163848061583161 0.0528203031968647 -5412 56581.776
0.00164984426324899 0.0529982071009546 -5225 56563.469
0.00189147894506995 0.0561916744490782 -4419.4 55858.132
0.00164601200352546 0.0530656044742698 -5358 56563.5
0.00194548741555359 0.0570641197075563 -4280.2 55623.967
0.00192320255803199 0.0566552978178886 -4348.2 55797.418
0.00188510060763739 0.0567310600437634 -4709 56016.286
0.00161936641578322 0.0524741917579413 -5162 56619.181
0.00190985580512626 0.0565305974283721 -4857 55986.437
0.00183095677236672 0.0568272521034178 -4496 56058.665
0.00192162943524725 0.0566363473913984 -4457 55838.538
0.00195056997171413 0.057124285843366 -4683 55808.003
0.00190605592883592 0.0564728096367142 -4807 55999.217
0.00163746259709112 0.0531001010500049 -5198 56567.598
0.00186910415604747 0.0567451862681065 -4229.7 55678.096
0.00170410177105909 0.0537100173294681 -5035 56505.908
0.00165073766112373 0.0531978340394857 -5219 56562.352
0.00186927903219509 0.056404946234218 -4719 56053.267
0.00181649234739768 0.056645401486955 -4500 56059.762
0.00176581469212887 0.0543645624335161 -4892 56379.72
0.00167451335046797 0.0540949477564533 -5140 56467.638
0.00182919744711813 0.0565643427700505 -4602 56098.567
